1521, 978, 978, 1076, 1062, 978
1613, 1050, 1050, 1140, 1050, 1050
1528, 981, 981, 1132, 981, 981
1545, 967, 967, 967, 1014, 967
1595, 1018, 1018, 1018, 1018, 1018
1538, 1002, 1002, 1047, 1047, 1002
1440, 947, 947, 947, 947, 947
1498, 990, 990, 1045, 990, 990
1602, 984, 984, 1025, 984, 984
1395, 983, 983, 1083, 983, 983
1474, 995, 995, 1056, 995, 995
1534, 983, 983, 1136, 983, 983
1489, 971, 971, 1028, 1012, 971
1556, 956, 956, 1003, 956, 956
1548, 993, 993, 1042, 1042, 993
1561, 1022, 1022, 1161, 1067, 1022
1612, 1000, 1000, 1045, 1000, 1000
1413, 936, 936, 1042, 987, 936
1554, 1020, 1020, 1159, 1020, 1020
1553, 1004, 1004, 1110, 1049, 1004
1545, 1035, 1035, 1082, 1035, 1035
1645, 1025, 1025, 1125, 1025, 1025
1528, 965, 965, 1104, 965, 965
1424, 926, 926, 926, 926, 926
1494, 964, 964, 1015, 964, 964
1612, 1016, 1016, 1230, 1063, 1016
1504, 998, 998, 1049, 998, 998
1538, 943, 943, 1053, 943, 943
1584, 1011, 1011, 1113, 1064, 1011
1471, 981, 981, 1097, 1032, 981
1621, 1058, 1058, 1144, 1058, 1058
1542, 1018, 1018, 1087, 1055, 1018
1512, 986, 986, 986, 1021, 986
1498, 980, 980, 1029, 980, 980
1563, 977, 977, 1030, 977, 977
1493, 983, 983, 1083, 1030, 983
1548, 991, 991, 1042, 1046, 991
1438, 924, 924, 1012, 924, 924
1465, 1004, 1004, 1090, 1004, 1004
1681, 1024, 1024, 1024, 1024, 1024
1569, 1002, 1002, 1131, 1059, 1002
1610, 1000, 1000, 1155, 1051, 1000
1538, 986, 986, 1080, 986, 986
1491, 997, 997, 1052, 997, 997
1608, 1005, 1005, 1184, 1005, 1005
1548, 969, 969, 969, 969, 969
1537, 968, 968, 1023, 968, 968
1480, 997, 997, 1065, 1046, 997
1593, 1013, 1013, 1070, 1013, 1013
1451, 1037, 1037, 1080, 1094, 1037
1523, 982, 982, 1088, 1035, 982
1378, 959, 959, 1014, 959, 959
1534, 967, 967, 1022, 967, 967
1658, 1015, 1015, 1115, 1099, 1015
1569, 995, 995, 1138, 995, 995
1441, 962, 962, 1115, 962, 962
1584, 1039, 1039, 1086, 1082, 1039
1532, 961, 961, 961, 996, 961
1469, 965, 965, 1087, 965, 965
1573, 1008, 1008, 1061, 1053, 1008
1559, 987, 987, 1026, 987, 987
1539, 1004, 1004, 1151, 1049, 1004
1543, 958, 958, 958, 958, 958
1488, 940, 940, 987, 940, 940
1540, 1004, 1004, 1096, 1004, 1004
1452, 983, 983, 1122, 983, 983
1502, 986, 986, 1143, 986, 986
1641, 1026, 1026, 1026, 1067, 1026
1466, 968, 968, 1025, 968, 968
1573, 1022, 1022, 1077, 1022, 1022
1510, 982, 982, 982, 982, 982
1578, 1003, 1003, 1060, 1044, 1003
1394, 947, 947, 947, 992, 947
1650, 993, 993, 1042, 993, 993
1251, 972, 972, 1139, 1009, 972
1639, 1012, 1012, 1165, 1012, 1012
1489, 959, 959, 1059, 1006, 959
1540, 994, 994, 1059, 1039, 994
1541, 980, 980, 1078, 980, 980
1609, 1017, 1017, 1184, 1017, 1017
1650, 1009, 1009, 1154, 1009, 1009
1583, 996, 996, 1096, 996, 996
1606, 990, 990, 1033, 1037, 990
1558, 987, 987, 987, 1030, 987
1652, 1069, 1069, 1104, 1069, 1069
1552, 1037, 1037, 1139, 1086, 1037
1496, 980, 980, 1041, 980, 980
1600, 1006, 1006, 1212, 1049, 1006
1543, 1039, 1039, 1086, 1086, 1039
1581, 998, 998, 1074, 998, 998
1440, 969, 969, 1116, 1014, 969
1463, 1012, 1012, 1128, 1012, 1012
1531, 950, 950, 1109, 950, 950
1532, 981, 981, 1214, 981, 981
1459, 974, 974, 1011, 974, 974
1524, 959, 959, 1063, 959, 959
1538, 1016, 1016, 1122, 1016, 1016
1426, 968, 968, 1176, 1015, 968
1551, 978, 978, 978, 978, 978
1502, 976, 976, 1021, 1023, 976
