501, 501, 654, 564, 501
506, 506, 724, 564, 506
522, 522, 620, 566, 522
488, 488, 620, 592, 488
513, 513, 656, 595, 513
516, 516, 694, 584, 516
515, 515, 630, 561, 515
453, 453, 584, 564, 453
476, 476, 662, 558, 476
525, 525, 630, 608, 525
526, 526, 700, 658, 526
515, 515, 666, 670, 515
472, 472, 544, 527, 472
500, 500, 709, 570, 500
522, 522, 676, 593, 522
493, 493, 577, 553, 493
489, 489, 575, 537, 489
479, 479, 546, 568, 479
511, 511, 639, 511, 511
476, 476, 665, 520, 476
504, 504, 696, 522, 504
510, 510, 726, 535, 510
474, 474, 615, 517, 474
510, 510, 710, 617, 510
485, 485, 582, 533, 485
520, 520, 665, 571, 520
530, 530, 735, 626, 530
532, 532, 715, 599, 532
473, 473, 575, 577, 473
470, 470, 556, 517, 470
510, 510, 641, 585, 510
511, 511, 692, 542, 511
497, 497, 620, 544, 497
537, 537, 693, 583, 537
525, 525, 682, 642, 525
464, 464, 681, 541, 464
496, 496, 553, 558, 496
474, 474, 533, 508, 474
526, 526, 795, 582, 526
487, 487, 643, 549, 487
485, 485, 575, 583, 485
490, 490, 569, 529, 490
520, 520, 606, 639, 520
474, 474, 548, 527, 474
475, 475, 613, 475, 475
481, 481, 644, 481, 481
495, 495, 535, 570, 495
468, 468, 555, 513, 468
530, 530, 703, 643, 530
477, 477, 572, 525, 477
516, 516, 713, 529, 516
490, 490, 633, 573, 490
520, 520, 674, 520, 520
470, 470, 595, 538, 470
491, 491, 551, 565, 491
530, 530, 713, 554, 530
468, 468, 582, 536, 468
457, 457, 521, 477, 457
469, 469, 630, 561, 469
463, 463, 665, 463, 463
535, 535, 698, 603, 535
469, 469, 655, 469, 469
482, 482, 532, 555, 482
481, 481, 597, 541, 481
453, 453, 590, 485, 453
532, 532, 707, 590, 532
497, 497, 645, 536, 497
469, 469, 517, 546, 469
480, 480, 555, 535, 480
467, 467, 519, 521, 467
498, 498, 633, 538, 498
489, 489, 690, 588, 489
547, 547, 625, 608, 547
480, 480, 620, 585, 480
520, 520, 643, 577, 520
529, 529, 664, 646, 529
516, 516, 708, 574, 516
509, 509, 639, 509, 509
475, 475, 627, 500, 475
494, 494, 619, 528, 494
481, 481, 657, 555, 481
500, 500, 612, 603, 500
518, 518, 770, 622, 518
484, 484, 626, 541, 484
536, 536, 651, 625, 536
512, 512, 670, 563, 512
514, 514, 701, 534, 514
498, 498, 619, 604, 498
477, 477, 697, 591, 477
484, 484, 646, 515, 484
501, 501, 639, 573, 501
489, 489, 633, 553, 489
514, 514, 611, 562, 514
526, 526, 631, 596, 526
513, 513, 724, 549, 513
490, 490, 619, 577, 490
470, 470, 522, 493, 470
502, 502, 597, 565, 502
482, 482, 580, 514, 482
467, 467, 516, 506, 467
