2355, 2115, 2112, 2115, 2275, 2215, 2108, 2110, 2183, 2168, 2115, 2119, 2117, 2117, 2124, 2112, 2112
2349, 2103, 2102, 2102, 2232, 2236, 2102, 2102, 2183, 2145, 2102, 2120, 2103, 2103, 2106, 2102, 2102
2306, 2091, 2091, 2091, 2252, 2204, 2091, 2091, 2152, 2141, 2091, 2091, 2092, 2091, 2094, 2097, 2091
2340, 2090, 2090, 2090, 2261, 2192, 2090, 2090, 2157, 2148, 2090, 2093, 2090, 2092, 2094, 2090, 2090
2345, 2116, 2115, 2116, 2280, 2220, 2116, 2115, 2177, 2176, 2117, 2134, 2126, 2116, 2120, 2119, 2119
2340, 2115, 2112, 2115, 2270, 2206, 2109, 2114, 2188, 2131, 2109, 2126, 2130, 2116, 2124, 2115, 2112
2342, 2114, 2113, 2113, 2243, 2212, 2112, 2115, 2180, 2141, 2113, 2126, 2114, 2117, 2114, 2114, 2113
2349, 2116, 2116, 2113, 2249, 2207, 2117, 2114, 2163, 2142, 2117, 2117, 2116, 2119, 2123, 2119, 2116
2338, 2108, 2106, 2106, 2266, 2228, 2106, 2110, 2172, 2140, 2106, 2117, 2108, 2109, 2123, 2106, 2106
2342, 2118, 2118, 2118, 2266, 2222, 2122, 2117, 2166, 2163, 2123, 2119, 2123, 2118, 2119, 2119, 2118
2352, 2119, 2121, 2119, 2248, 2230, 2123, 2123, 2186, 2168, 2121, 2137, 2119, 2124, 2129, 2124, 2124
2334, 2101, 2100, 2100, 2269, 2196, 2100, 2100, 2153, 2148, 2100, 2107, 2103, 2101, 2106, 2101, 2101
2348, 2106, 2106, 2106, 2243, 2214, 2105, 2105, 2170, 2154, 2114, 2111, 2106, 2106, 2106, 2106, 2111
2326, 2106, 2105, 2105, 2238, 2209, 2105, 2105, 2156, 2158, 2108, 2120, 2108, 2106, 2105, 2105, 2106
2349, 2113, 2113, 2113, 2267, 2216, 2113, 2110, 2177, 2147, 2113, 2126, 2121, 2120, 2133, 2118, 2119
2340, 2101, 2101, 2101, 2276, 2231, 2101, 2101, 2176, 2153, 2103, 2101, 2101, 2103, 2109, 2103, 2101
2332, 2103, 2102, 2102, 2269, 2203, 2103, 2107, 2166, 2152, 2102, 2118, 2114, 2107, 2132, 2113, 2103
2346, 2111, 2111, 2111, 2279, 2232, 2111, 2111, 2186, 2168, 2121, 2116, 2123, 2116, 2121, 2118, 2111
2333, 2106, 2107, 2105, 2256, 2212, 2112, 2105, 2174, 2163, 2112, 2121, 2109, 2109, 2122, 2116, 2109
2344, 2094, 2094, 2094, 2256, 2228, 2094, 2094, 2169, 2151, 2094, 2117, 2094, 2097, 2108, 2094, 2094
2323, 2077, 2077, 2077, 2240, 2189, 2077, 2077, 2117, 2109, 2077, 2077, 2078, 2077, 2077, 2077, 2077
2324, 2068, 2068, 2068, 2229, 2187, 2068, 2068, 2164, 2140, 2068, 2070, 2068, 2068, 2068, 2068, 2068
2354, 2097, 2096, 2096, 2252, 2215, 2096, 2097, 2178, 2146, 2096, 2100, 2098, 2097, 2108, 2097, 2096
2344, 2125, 2124, 2125, 2269, 2209, 2121, 2121, 2186, 2154, 2125, 2125, 2128, 2125, 2128, 2124, 2128
2331, 2098, 2098, 2098, 2220, 2213, 2098, 2098, 2167, 2158, 2098, 2110, 2102, 2098, 2104, 2098, 2098
2336, 2111, 2109, 2109, 2252, 2212, 2105, 2110, 2177, 2154, 2121, 2127, 2111, 2113, 2127, 2109, 2110
2349, 2118, 2118, 2118, 2252, 2230, 2118, 2118, 2189, 2149, 2118, 2119, 2124, 2121, 2129, 2121, 2118
2321, 2116, 2116, 2116, 2261, 2227, 2116, 2116, 2179, 2170, 2119, 2126, 2126, 2116, 2134, 2116, 2116
2347, 2116, 2116, 2116, 2251, 2220, 2119, 2117, 2169, 2173, 2124, 2131, 2121, 2116, 2127, 2116, 2116
2318, 2114, 2113, 2113, 2270, 2214, 2113, 2113, 2176, 2163, 2126, 2120, 2120, 2114, 2121, 2113, 2119
2358, 2118, 2118, 2118, 2281, 2211, 2118, 2119, 2173, 2171, 2125, 2124, 2118, 2124, 2118, 2125, 2118
2336, 2107, 2107, 2107, 2285, 2228, 2107, 2107, 2189, 2168, 2130, 2129, 2107, 2107, 2130, 2107, 2107
2350, 2107, 2107, 2107, 2259, 2215, 2107, 2107, 2160, 2147, 2114, 2114, 2108, 2107, 2123, 2107, 2116
2326, 2104, 2103, 2103, 2273, 2184, 2103, 2104, 2168, 2158, 2103, 2104, 2104, 2104, 2111, 2111, 2104
2338, 2106, 2106, 2106, 2258, 2202, 2107, 2106, 2162, 2170, 2108, 2108, 2108, 2108, 2116, 2108, 2108
2326, 2110, 2107, 2107, 2234, 2216, 2107, 2107, 2185, 2162, 2107, 2126, 2115, 2114, 2115, 2107, 2107
2335, 2114, 2115, 2113, 2261, 2221, 2113, 2114, 2171, 2152, 2114, 2121, 2122, 2120, 2121, 2120, 2115
2335, 2096, 2096, 2096, 2260, 2225, 2097, 2097, 2154, 2139, 2097, 2098, 2097, 2096, 2108, 2098, 2096
2344, 2091, 2091, 2091, 2250, 2176, 2091, 2092, 2171, 2141, 2095, 2119, 2096, 2095, 2091, 2091, 2091
2350, 2113, 2112, 2112, 2257, 2234, 2112, 2116, 2173, 2177, 2112, 2128, 2120, 2113, 2129, 2112, 2112
2342, 2101, 2100, 2100, 2245, 2223, 2100, 2101, 2176, 2158, 2102, 2118, 2113, 2101, 2111, 2111, 2100
2322, 2107, 2106, 2106, 2280, 2211, 2106, 2106, 2190, 2161, 2106, 2107, 2110, 2107, 2112, 2110, 2106
2345, 2122, 2122, 2122, 2261, 2211, 2125, 2123, 2157, 2162, 2122, 2130, 2130, 2124, 2130, 2123, 2128
2341, 2094, 2094, 2094, 2261, 2224, 2094, 2094, 2161, 2131, 2095, 2101, 2094, 2094, 2101, 2094, 2095
2351, 2119, 2116, 2116, 2248, 2218, 2121, 2118, 2170, 2161, 2118, 2130, 2122, 2121, 2126, 2119, 2116
2346, 2094, 2094, 2094, 2275, 2205, 2094, 2094, 2166, 2149, 2094, 2106, 2098, 2094, 2100, 2105, 2100
2344, 2119, 2119, 2119, 2267, 2215, 2127, 2120, 2183, 2177, 2120, 2144, 2131, 2126, 2119, 2130, 2119
2350, 2115, 2114, 2115, 2268, 2238, 2113, 2114, 2173, 2168, 2114, 2117, 2117, 2115, 2117, 2121, 2115
2332, 2110, 2110, 2110, 2269, 2209, 2117, 2110, 2161, 2156, 2117, 2125, 2120, 2110, 2110, 2110, 2110
2353, 2068, 2068, 2068, 2191, 2194, 2069, 2068, 2169, 2127, 2069, 2069, 2069, 2069, 2069, 2069, 2069
2361, 2118, 2113, 2113, 2261, 2213, 2124, 2113, 2181, 2153, 2124, 2133, 2134, 2131, 2113, 2126, 2113
2342, 2098, 2098, 2098, 2279, 2218, 2098, 2098, 2171, 2146, 2098, 2107, 2107, 2098, 2104, 2098, 2101
2331, 2102, 2101, 2101, 2265, 2221, 2101, 2101, 2174, 2147, 2101, 2102, 2102, 2102, 2120, 2101, 2101
2335, 2101, 2101, 2101, 2272, 2243, 2102, 2101, 2187, 2138, 2101, 2103, 2101, 2101, 2102, 2101, 2102
2342, 2078, 2078, 2078, 2261, 2215, 2078, 2078, 2130, 2137, 2078, 2085, 2087, 2078, 2078, 2078, 2081
2356, 2121, 2121, 2121, 2265, 2230, 2122, 2125, 2153, 2157, 2123, 2136, 2132, 2127, 2121, 2121, 2121
2339, 2117, 2119, 2115, 2246, 2215, 2117, 2116, 2175, 2144, 2124, 2130, 2123, 2121, 2122, 2121, 2119
2316, 2094, 2094, 2094, 2249, 2210, 2094, 2094, 2160, 2151, 2101, 2101, 2097, 2095, 2099, 2096, 2094
2313, 2079, 2079, 2079, 2265, 2202, 2080, 2080, 2113, 2115, 2079, 2079, 2080, 2079, 2085, 2079, 2080
2332, 2112, 2112, 2112, 2280, 2201, 2112, 2113, 2162, 2167, 2120, 2121, 2127, 2112, 2129, 2117, 2113
2344, 2122, 2120, 2120, 2270, 2236, 2122, 2122, 2176, 2156, 2122, 2127, 2124, 2122, 2125, 2120, 2124
2350, 2117, 2114, 2114, 2258, 2239, 2115, 2115, 2177, 2138, 2116, 2132, 2124, 2117, 2114, 2121, 2114
2367, 2123, 2119, 2120, 2268, 2232, 2124, 2123, 2188, 2171, 2127, 2140, 2123, 2123, 2119, 2119, 2123
2294, 2099, 2099, 2099, 2240, 2221, 2099, 2099, 2177, 2142, 2100, 2099, 2099, 2099, 2102, 2099, 2099
2349, 2110, 2107, 2110, 2258, 2240, 2110, 2110, 2159, 2153, 2107, 2119, 2110, 2116, 2107, 2110, 2110
2349, 2120, 2120, 2120, 2270, 2222, 2124, 2120, 2181, 2169, 2122, 2123, 2123, 2122, 2129, 2123, 2122
2335, 2125, 2123, 2125, 2256, 2236, 2121, 2123, 2179, 2155, 2124, 2131, 2138, 2130, 2123, 2127, 2125
2340, 2116, 2118, 2116, 2261, 2217, 2117, 2116, 2179, 2162, 2121, 2123, 2121, 2116, 2126, 2119, 2118
2342, 2111, 2107, 2111, 2273, 2239, 2107, 2112, 2170, 2166, 2111, 2119, 2112, 2111, 2112, 2111, 2111
2352, 2119, 2119, 2119, 2262, 2220, 2122, 2120, 2171, 2148, 2120, 2129, 2120, 2123, 2123, 2125, 2119
2358, 2118, 2118, 2118, 2267, 2219, 2118, 2119, 2163, 2155, 2119, 2119, 2118, 2119, 2121, 2119, 2119
2344, 2126, 2124, 2124, 2278, 2212, 2126, 2118, 2190, 2162, 2126, 2138, 2127, 2126, 2127, 2124, 2127
2337, 2112, 2113, 2111, 2258, 2212, 2111, 2111, 2184, 2167, 2111, 2133, 2112, 2112, 2114, 2119, 2114
2345, 2118, 2118, 2118, 2262, 2236, 2121, 2123, 2183, 2150, 2121, 2135, 2124, 2124, 2129, 2124, 2118
2330, 2101, 2101, 2101, 2240, 2203, 2106, 2104, 2152, 2133, 2103, 2104, 2106, 2104, 2106, 2106, 2101
2302, 2085, 2085, 2085, 2237, 2222, 2085, 2085, 2177, 2139, 2085, 2092, 2085, 2085, 2091, 2085, 2085
2333, 2109, 2109, 2109, 2278, 2203, 2109, 2108, 2183, 2146, 2108, 2126, 2113, 2109, 2113, 2109, 2109
2357, 2116, 2116, 2116, 2259, 2225, 2117, 2116, 2179, 2167, 2115, 2123, 2117, 2117, 2116, 2119, 2116
2358, 2131, 2127, 2127, 2278, 2239, 2122, 2122, 2177, 2180, 2131, 2137, 2135, 2131, 2127, 2132, 2129
2338, 2109, 2109, 2109, 2241, 2230, 2104, 2104, 2177, 2143, 2115, 2125, 2115, 2109, 2109, 2114, 2109
2352, 2107, 2106, 2106, 2259, 2218, 2106, 2106, 2176, 2140, 2108, 2107, 2115, 2111, 2116, 2112, 2106
2319, 2100, 2100, 2100, 2260, 2193, 2100, 2105, 2129, 2163, 2100, 2104, 2104, 2107, 2103, 2100, 2100
2365, 2096, 2096, 2096, 2254, 2227, 2096, 2096, 2172, 2137, 2096, 2100, 2096, 2096, 2096, 2096, 2096
2363, 2103, 2102, 2103, 2262, 2221, 2102, 2102, 2197, 2155, 2102, 2105, 2105, 2105, 2104, 2104, 2102
2335, 2106, 2101, 2101, 2252, 2208, 2101, 2101, 2140, 2137, 2101, 2106, 2110, 2110, 2105, 2107, 2105
2314, 2093, 2093, 2093, 2262, 2212, 2093, 2094, 2164, 2154, 2093, 2106, 2093, 2093, 2096, 2093, 2093
2354, 2106, 2106, 2106, 2276, 2221, 2107, 2106, 2170, 2151, 2108, 2108, 2108, 2106, 2118, 2108, 2106
2347, 2107, 2105, 2106, 2239, 2219, 2105, 2105, 2178, 2170, 2106, 2123, 2107, 2114, 2129, 2117, 2106
2343, 2104, 2104, 2104, 2261, 2227, 2104, 2104, 2149, 2151, 2106, 2111, 2110, 2104, 2116, 2110, 2105
2330, 2085, 2085, 2085, 2263, 2212, 2085, 2085, 2171, 2160, 2085, 2091, 2085, 2087, 2098, 2085, 2085
2333, 2084, 2084, 2084, 2260, 2211, 2084, 2084, 2164, 2141, 2084, 2084, 2084, 2084, 2094, 2084, 2084
2320, 2078, 2078, 2078, 2266, 2189, 2078, 2078, 2160, 2135, 2082, 2082, 2081, 2081, 2084, 2082, 2078
2361, 2107, 2105, 2107, 2281, 2219, 2105, 2105, 2173, 2146, 2109, 2117, 2117, 2107, 2119, 2107, 2105
2337, 2119, 2119, 2119, 2265, 2238, 2119, 2118, 2176, 2156, 2123, 2119, 2124, 2120, 2122, 2120, 2120
2331, 2107, 2107, 2107, 2276, 2236, 2107, 2107, 2186, 2131, 2108, 2107, 2107, 2107, 2112, 2112, 2107
2333, 2095, 2095, 2095, 2251, 2202, 2095, 2095, 2181, 2144, 2097, 2109, 2101, 2095, 2108, 2097, 2095
2325, 2116, 2115, 2116, 2225, 2217, 2115, 2117, 2181, 2159, 2118, 2128, 2118, 2116, 2117, 2116, 2115
2343, 2117, 2117, 2117, 2238, 2207, 2120, 2117, 2180, 2161, 2117, 2130, 2117, 2117, 2121, 2122, 2117
2347, 2114, 2114, 2114, 2255, 2214, 2114, 2119, 2175, 2168, 2121, 2121, 2114, 2114, 2129, 2132, 2114
2360, 2118, 2118, 2118, 2275, 2223, 2118, 2119, 2186, 2170, 2121, 2128, 2128, 2118, 2135, 2122, 2118
