1509, 1509, 1509, 1509, 1509, 1509, 1509
1482, 1482, 1482, 1482, 1482, 1482, 1482
1484, 1484, 1484, 1484, 1484, 1484, 1484
1463, 1463, 1463, 1463, 1463, 1463, 1463
1481, 1481, 1481, 1481, 1481, 1481, 1481
1464, 1464, 1464, 1464, 1464, 1464, 1464
1513, 1513, 1513, 1513, 1513, 1513, 1513
1517, 1517, 1517, 1517, 1517, 1517, 1517
1538, 1538, 1538, 1538, 1538, 1538, 1538
1495, 1495, 1495, 1495, 1495, 1495, 1495
1496, 1496, 1496, 1496, 1496, 1496, 1496
1538, 1538, 1538, 1538, 1538, 1538, 1538
1440, 1440, 1440, 1440, 1440, 1440, 1440
1451, 1451, 1451, 1451, 1451, 1451, 1451
1484, 1484, 1484, 1484, 1484, 1484, 1484
1409, 1409, 1409, 1409, 1409, 1409, 1409
1495, 1495, 1495, 1495, 1495, 1495, 1495
1502, 1502, 1502, 1502, 1502, 1502, 1502
1492, 1492, 1492, 1492, 1492, 1492, 1492
1480, 1480, 1480, 1480, 1480, 1480, 1480
1475, 1475, 1475, 1475, 1475, 1475, 1475
1464, 1464, 1464, 1464, 1464, 1464, 1464
1450, 1450, 1450, 1450, 1450, 1450, 1450
1446, 1446, 1446, 1446, 1446, 1446, 1446
1486, 1486, 1486, 1486, 1486, 1486, 1486
1501, 1501, 1501, 1501, 1501, 1501, 1501
1410, 1410, 1410, 1410, 1410, 1410, 1410
1493, 1493, 1493, 1493, 1493, 1493, 1493
1491, 1491, 1491, 1491, 1491, 1491, 1491
1508, 1508, 1508, 1508, 1508, 1508, 1508
1567, 1567, 1567, 1567, 1567, 1567, 1567
1485, 1485, 1485, 1485, 1485, 1485, 1485
1508, 1508, 1508, 1508, 1508, 1508, 1508
1437, 1437, 1437, 1437, 1437, 1437, 1437
1522, 1522, 1522, 1522, 1522, 1522, 1522
1471, 1471, 1471, 1471, 1471, 1471, 1471
1501, 1501, 1501, 1501, 1501, 1501, 1501
1461, 1461, 1461, 1461, 1461, 1461, 1461
1525, 1525, 1525, 1525, 1525, 1525, 1525
1488, 1488, 1488, 1488, 1488, 1488, 1488
1479, 1479, 1479, 1479, 1479, 1479, 1479
1516, 1516, 1516, 1516, 1516, 1516, 1516
1490, 1490, 1490, 1490, 1490, 1490, 1490
1498, 1498, 1498, 1498, 1498, 1498, 1498
1483, 1483, 1483, 1483, 1483, 1483, 1483
1516, 1516, 1516, 1516, 1516, 1516, 1516
1477, 1477, 1477, 1477, 1477, 1477, 1477
1536, 1536, 1536, 1536, 1536, 1536, 1536
1508, 1508, 1508, 1508, 1508, 1508, 1508
1465, 1465, 1465, 1465, 1465, 1465, 1465
1470, 1470, 1470, 1470, 1470, 1470, 1470
1434, 1434, 1434, 1434, 1434, 1434, 1434
1485, 1485, 1485, 1485, 1485, 1485, 1485
1489, 1489, 1489, 1489, 1489, 1489, 1489
1497, 1497, 1497, 1497, 1497, 1497, 1497
1511, 1511, 1511, 1511, 1511, 1511, 1511
1485, 1485, 1485, 1485, 1485, 1485, 1485
1518, 1518, 1518, 1518, 1518, 1518, 1518
1464, 1464, 1464, 1464, 1464, 1464, 1464
1462, 1462, 1462, 1462, 1462, 1462, 1462
1452, 1452, 1452, 1452, 1452, 1452, 1452
1480, 1480, 1480, 1480, 1480, 1480, 1480
1434, 1434, 1434, 1434, 1434, 1434, 1434
1452, 1452, 1452, 1452, 1452, 1452, 1452
1415, 1415, 1415, 1415, 1415, 1415, 1415
1466, 1466, 1466, 1466, 1466, 1466, 1466
1487, 1487, 1487, 1487, 1487, 1487, 1487
1509, 1509, 1509, 1509, 1509, 1509, 1509
1541, 1541, 1541, 1541, 1541, 1541, 1541
1486, 1486, 1486, 1486, 1486, 1486, 1486
1501, 1501, 1501, 1501, 1501, 1501, 1501
1524, 1524, 1524, 1524, 1524, 1524, 1524
1496, 1496, 1496, 1496, 1496, 1496, 1496
1479, 1479, 1479, 1479, 1479, 1479, 1479
1472, 1472, 1472, 1472, 1472, 1472, 1472
1513, 1513, 1513, 1513, 1513, 1513, 1513
1477, 1477, 1477, 1477, 1477, 1477, 1477
1449, 1449, 1449, 1449, 1449, 1449, 1449
1495, 1495, 1495, 1495, 1495, 1495, 1495
1446, 1446, 1446, 1446, 1446, 1446, 1446
1536, 1536, 1536, 1536, 1536, 1536, 1536
1529, 1529, 1529, 1529, 1529, 1529, 1529
1433, 1433, 1433, 1433, 1433, 1433, 1433
1494, 1494, 1494, 1494, 1494, 1494, 1494
1449, 1449, 1449, 1449, 1449, 1449, 1449
1467, 1467, 1467, 1467, 1467, 1467, 1467
1487, 1487, 1487, 1487, 1487, 1487, 1487
1494, 1494, 1494, 1494, 1494, 1494, 1494
1495, 1495, 1495, 1495, 1495, 1495, 1495
1538, 1538, 1538, 1538, 1538, 1538, 1538
1501, 1501, 1501, 1501, 1501, 1501, 1501
1523, 1523, 1523, 1523, 1523, 1523, 1523
1470, 1470, 1470, 1470, 1470, 1470, 1470
1480, 1480, 1480, 1480, 1480, 1480, 1480
1443, 1443, 1443, 1443, 1443, 1443, 1443
1458, 1458, 1458, 1458, 1458, 1458, 1458
1478, 1478, 1478, 1478, 1478, 1478, 1478
1428, 1428, 1428, 1428, 1428, 1428, 1428
1504, 1504, 1504, 1504, 1504, 1504, 1504
1461, 1461, 1461, 1461, 1461, 1461, 1461
1499, 1499, 1499, 1499, 1499, 1499, 1499
1463, 1463, 1463, 1463, 1463, 1463, 1463
1491, 1491, 1491, 1491, 1491, 1491, 1491
1471, 1471, 1471, 1471, 1471, 1471, 1471
1492, 1492, 1492, 1492, 1492, 1492, 1492
1477, 1477, 1477, 1477, 1477, 1477, 1477
1471, 1471, 1471, 1471, 1471, 1471, 1471
1490, 1490, 1490, 1490, 1490, 1490, 1490
1475, 1475, 1475, 1475, 1475, 1475, 1475
1420, 1420, 1420, 1420, 1420, 1420, 1420
1478, 1478, 1478, 1478, 1478, 1478, 1478
1466, 1466, 1466, 1466, 1466, 1466, 1466
1463, 1463, 1463, 1463, 1463, 1463, 1463
1508, 1508, 1508, 1508, 1508, 1508, 1508
1495, 1495, 1495, 1495, 1495, 1495, 1495
1427, 1427, 1427, 1427, 1427, 1427, 1427
1453, 1453, 1453, 1453, 1453, 1453, 1453
1496, 1496, 1496, 1496, 1496, 1496, 1496
1548, 1548, 1548, 1548, 1548, 1548, 1548
1449, 1449, 1449, 1449, 1449, 1449, 1449
1499, 1499, 1499, 1499, 1499, 1499, 1499
1552, 1552, 1552, 1552, 1552, 1552, 1552
1441, 1441, 1441, 1441, 1441, 1441, 1441
1489, 1489, 1489, 1489, 1489, 1489, 1489
1465, 1465, 1465, 1465, 1465, 1465, 1465
1514, 1514, 1514, 1514, 1514, 1514, 1514
1572, 1572, 1572, 1572, 1572, 1572, 1572
1489, 1489, 1489, 1489, 1489, 1489, 1489
1516, 1516, 1516, 1516, 1516, 1516, 1516
1393, 1393, 1393, 1393, 1393, 1393, 1393
1459, 1459, 1459, 1459, 1459, 1459, 1459
1475, 1475, 1475, 1475, 1475, 1475, 1475
1497, 1497, 1497, 1497, 1497, 1497, 1497
1460, 1460, 1460, 1460, 1460, 1460, 1460
1476, 1476, 1476, 1476, 1476, 1476, 1476
1527, 1527, 1527, 1527, 1527, 1527, 1527
1521, 1521, 1521, 1521, 1521, 1521, 1521
1398, 1398, 1398, 1398, 1398, 1398, 1398
1461, 1461, 1461, 1461, 1461, 1461, 1461
1478, 1478, 1478, 1478, 1478, 1478, 1478
1495, 1495, 1495, 1495, 1495, 1495, 1495
1471, 1471, 1471, 1471, 1471, 1471, 1471
1464, 1464, 1464, 1464, 1464, 1464, 1464
1525, 1525, 1525, 1525, 1525, 1525, 1525
1500, 1500, 1500, 1500, 1500, 1500, 1500
1553, 1553, 1553, 1553, 1553, 1553, 1553
1471, 1471, 1471, 1471, 1471, 1471, 1471
1488, 1488, 1488, 1488, 1488, 1488, 1488
1500, 1500, 1500, 1500, 1500, 1500, 1500
1485, 1485, 1485, 1485, 1485, 1485, 1485
1465, 1465, 1465, 1465, 1465, 1465, 1465
1454, 1454, 1454, 1454, 1454, 1454, 1454
1554, 1554, 1554, 1554, 1554, 1554, 1554
1463, 1463, 1463, 1463, 1463, 1463, 1463
1429, 1429, 1429, 1429, 1429, 1429, 1429
1481, 1481, 1481, 1481, 1481, 1481, 1481
1475, 1475, 1475, 1475, 1475, 1475, 1475
1476, 1476, 1476, 1476, 1476, 1476, 1476
1465, 1465, 1465, 1465, 1465, 1465, 1465
1457, 1457, 1457, 1457, 1457, 1457, 1457
1520, 1520, 1520, 1520, 1520, 1520, 1520
1462, 1462, 1462, 1462, 1462, 1462, 1462
1424, 1424, 1424, 1424, 1424, 1424, 1424
1506, 1506, 1506, 1506, 1506, 1506, 1506
1502, 1502, 1502, 1502, 1502, 1502, 1502
1497, 1497, 1497, 1497, 1497, 1497, 1497
1451, 1451, 1451, 1451, 1451, 1451, 1451
1433, 1433, 1433, 1433, 1433, 1433, 1433
1500, 1500, 1500, 1500, 1500, 1500, 1500
1459, 1459, 1459, 1459, 1459, 1459, 1459
1451, 1451, 1451, 1451, 1451, 1451, 1451
1423, 1423, 1423, 1423, 1423, 1423, 1423
1595, 1595, 1595, 1595, 1595, 1595, 1595
1476, 1476, 1476, 1476, 1476, 1476, 1476
1506, 1506, 1506, 1506, 1506, 1506, 1506
1447, 1447, 1447, 1447, 1447, 1447, 1447
1508, 1508, 1508, 1508, 1508, 1508, 1508
1490, 1490, 1490, 1490, 1490, 1490, 1490
1490, 1490, 1490, 1490, 1490, 1490, 1490
1455, 1455, 1455, 1455, 1455, 1455, 1455
1532, 1532, 1532, 1532, 1532, 1532, 1532
1477, 1477, 1477, 1477, 1477, 1477, 1477
1452, 1452, 1452, 1452, 1452, 1452, 1452
1454, 1454, 1454, 1454, 1454, 1454, 1454
1513, 1513, 1513, 1513, 1513, 1513, 1513
1529, 1529, 1529, 1529, 1529, 1529, 1529
1489, 1489, 1489, 1489, 1489, 1489, 1489
1499, 1499, 1499, 1499, 1499, 1499, 1499
1447, 1447, 1447, 1447, 1447, 1447, 1447
1460, 1460, 1460, 1460, 1460, 1460, 1460
1502, 1502, 1502, 1502, 1502, 1502, 1502
1424, 1424, 1424, 1424, 1424, 1424, 1424
1529, 1529, 1529, 1529, 1529, 1529, 1529
1549, 1549, 1549, 1549, 1549, 1549, 1549
1454, 1454, 1454, 1454, 1454, 1454, 1454
1476, 1476, 1476, 1476, 1476, 1476, 1476
1512, 1512, 1512, 1512, 1512, 1512, 1512
1531, 1531, 1531, 1531, 1531, 1531, 1531
1534, 1534, 1534, 1534, 1534, 1534, 1534
1548, 1548, 1548, 1548, 1548, 1548, 1548
1487, 1487, 1487, 1487, 1487, 1487, 1487
1476, 1476, 1476, 1476, 1476, 1476, 1476
1468, 1468, 1468, 1468, 1468, 1468, 1468
1440, 1440, 1440, 1440, 1440, 1440, 1440
1526, 1526, 1526, 1526, 1526, 1526, 1526
1488, 1488, 1488, 1488, 1488, 1488, 1488
1493, 1493, 1493, 1493, 1493, 1493, 1493
1470, 1470, 1470, 1470, 1470, 1470, 1470
1494, 1494, 1494, 1494, 1494, 1494, 1494
1450, 1450, 1450, 1450, 1450, 1450, 1450
1469, 1469, 1469, 1469, 1469, 1469, 1469
1478, 1478, 1478, 1478, 1478, 1478, 1478
1483, 1483, 1483, 1483, 1483, 1483, 1483
1424, 1424, 1424, 1424, 1424, 1424, 1424
1535, 1535, 1535, 1535, 1535, 1535, 1535
1487, 1487, 1487, 1487, 1487, 1487, 1487
1471, 1471, 1471, 1471, 1471, 1471, 1471
1500, 1500, 1500, 1500, 1500, 1500, 1500
1511, 1511, 1511, 1511, 1511, 1511, 1511
1515, 1515, 1515, 1515, 1515, 1515, 1515
1502, 1502, 1502, 1502, 1502, 1502, 1502
1493, 1493, 1493, 1493, 1493, 1493, 1493
1481, 1481, 1481, 1481, 1481, 1481, 1481
1475, 1475, 1475, 1475, 1475, 1475, 1475
1500, 1500, 1500, 1500, 1500, 1500, 1500
1487, 1487, 1487, 1487, 1487, 1487, 1487
1448, 1448, 1448, 1448, 1448, 1448, 1448
1530, 1530, 1530, 1530, 1530, 1530, 1530
1445, 1445, 1445, 1445, 1445, 1445, 1445
1467, 1467, 1467, 1467, 1467, 1467, 1467
1506, 1506, 1506, 1506, 1506, 1506, 1506
1516, 1516, 1516, 1516, 1516, 1516, 1516
1458, 1458, 1458, 1458, 1458, 1458, 1458
1504, 1504, 1504, 1504, 1504, 1504, 1504
1489, 1489, 1489, 1489, 1489, 1489, 1489
1442, 1442, 1442, 1442, 1442, 1442, 1442
1514, 1514, 1514, 1514, 1514, 1514, 1514
1539, 1539, 1539, 1539, 1539, 1539, 1539
1468, 1468, 1468, 1468, 1468, 1468, 1468
1482, 1482, 1482, 1482, 1482, 1482, 1482
1484, 1484, 1484, 1484, 1484, 1484, 1484
1494, 1494, 1494, 1494, 1494, 1494, 1494
1474, 1474, 1474, 1474, 1474, 1474, 1474
1468, 1468, 1468, 1468, 1468, 1468, 1468
1458, 1458, 1458, 1458, 1458, 1458, 1458
1448, 1448, 1448, 1448, 1448, 1448, 1448
1533, 1533, 1533, 1533, 1533, 1533, 1533
1492, 1492, 1492, 1492, 1492, 1492, 1492
1493, 1493, 1493, 1493, 1493, 1493, 1493
1469, 1469, 1469, 1469, 1469, 1469, 1469
1516, 1516, 1516, 1516, 1516, 1516, 1516
1509, 1509, 1509, 1509, 1509, 1509, 1509
1496, 1496, 1496, 1496, 1496, 1496, 1496
1454, 1454, 1454, 1454, 1454, 1454, 1454
1504, 1504, 1504, 1504, 1504, 1504, 1504
1510, 1510, 1510, 1510, 1510, 1510, 1510
1494, 1494, 1494, 1494, 1494, 1494, 1494
1505, 1505, 1505, 1505, 1505, 1505, 1505
1525, 1525, 1525, 1525, 1525, 1525, 1525
1441, 1441, 1441, 1441, 1441, 1441, 1441
1492, 1492, 1492, 1492, 1492, 1492, 1492
1483, 1483, 1483, 1483, 1483, 1483, 1483
1424, 1424, 1424, 1424, 1424, 1424, 1424
1526, 1526, 1526, 1526, 1526, 1526, 1526
1493, 1493, 1493, 1493, 1493, 1493, 1493
1518, 1518, 1518, 1518, 1518, 1518, 1518
1429, 1429, 1429, 1429, 1429, 1429, 1429
1498, 1498, 1498, 1498, 1498, 1498, 1498
1403, 1403, 1403, 1403, 1403, 1403, 1403
1485, 1485, 1485, 1485, 1485, 1485, 1485
1445, 1445, 1445, 1445, 1445, 1445, 1445
1455, 1455, 1455, 1455, 1455, 1455, 1455
1503, 1503, 1503, 1503, 1503, 1503, 1503
1446, 1446, 1446, 1446, 1446, 1446, 1446
1499, 1499, 1499, 1499, 1499, 1499, 1499
1482, 1482, 1482, 1482, 1482, 1482, 1482
1453, 1453, 1453, 1453, 1453, 1453, 1453
1465, 1465, 1465, 1465, 1465, 1465, 1465
1499, 1499, 1499, 1499, 1499, 1499, 1499
1490, 1490, 1490, 1490, 1490, 1490, 1490
1483, 1483, 1483, 1483, 1483, 1483, 1483
1472, 1472, 1472, 1472, 1472, 1472, 1472
1496, 1496, 1496, 1496, 1496, 1496, 1496
1480, 1480, 1480, 1480, 1480, 1480, 1480
1438, 1438, 1438, 1438, 1438, 1438, 1438
1515, 1515, 1515, 1515, 1515, 1515, 1515
1517, 1517, 1517, 1517, 1517, 1517, 1517
1478, 1478, 1478, 1478, 1478, 1478, 1478
1541, 1541, 1541, 1541, 1541, 1541, 1541
1494, 1494, 1494, 1494, 1494, 1494, 1494
1433, 1433, 1433, 1433, 1433, 1433, 1433
1495, 1495, 1495, 1495, 1495, 1495, 1495
1497, 1497, 1497, 1497, 1497, 1497, 1497
1475, 1475, 1475, 1475, 1475, 1475, 1475
1496, 1496, 1496, 1496, 1496, 1496, 1496
1473, 1473, 1473, 1473, 1473, 1473, 1473
1471, 1471, 1471, 1471, 1471, 1471, 1471
1428, 1428, 1428, 1428, 1428, 1428, 1428
1493, 1493, 1493, 1493, 1493, 1493, 1493
1547, 1547, 1547, 1547, 1547, 1547, 1547
1423, 1423, 1423, 1423, 1423, 1423, 1423
1489, 1489, 1489, 1489, 1489, 1489, 1489
1447, 1447, 1447, 1447, 1447, 1447, 1447
1467, 1467, 1467, 1467, 1467, 1467, 1467
1438, 1438, 1438, 1438, 1438, 1438, 1438
1495, 1495, 1495, 1495, 1495, 1495, 1495
1523, 1523, 1523, 1523, 1523, 1523, 1523
1438, 1438, 1438, 1438, 1438, 1438, 1438
1508, 1508, 1508, 1508, 1508, 1508, 1508
1510, 1510, 1510, 1510, 1510, 1510, 1510
1455, 1455, 1455, 1455, 1455, 1455, 1455
1472, 1472, 1472, 1472, 1472, 1472, 1472
1496, 1496, 1496, 1496, 1496, 1496, 1496
1486, 1486, 1486, 1486, 1486, 1486, 1486
1449, 1449, 1449, 1449, 1449, 1449, 1449
1508, 1508, 1508, 1508, 1508, 1508, 1508
1441, 1441, 1441, 1441, 1441, 1441, 1441
1499, 1499, 1499, 1499, 1499, 1499, 1499
1524, 1524, 1524, 1524, 1524, 1524, 1524
1503, 1503, 1503, 1503, 1503, 1503, 1503
1441, 1441, 1441, 1441, 1441, 1441, 1441
1509, 1509, 1509, 1509, 1509, 1509, 1509
1492, 1492, 1492, 1492, 1492, 1492, 1492
1539, 1539, 1539, 1539, 1539, 1539, 1539
1505, 1505, 1505, 1505, 1505, 1505, 1505
1532, 1532, 1532, 1532, 1532, 1532, 1532
1518, 1518, 1518, 1518, 1518, 1518, 1518
1460, 1460, 1460, 1460, 1460, 1460, 1460
1473, 1473, 1473, 1473, 1473, 1473, 1473
1438, 1438, 1438, 1438, 1438, 1438, 1438
1488, 1488, 1488, 1488, 1488, 1488, 1488
1467, 1467, 1467, 1467, 1467, 1467, 1467
1488, 1488, 1488, 1488, 1488, 1488, 1488
1526, 1526, 1526, 1526, 1526, 1526, 1526
1461, 1461, 1461, 1461, 1461, 1461, 1461
1421, 1421, 1421, 1421, 1421, 1421, 1421
1458, 1458, 1458, 1458, 1458, 1458, 1458
1530, 1530, 1530, 1530, 1530, 1530, 1530
1466, 1466, 1466, 1466, 1466, 1466, 1466
1463, 1463, 1463, 1463, 1463, 1463, 1463
1489, 1489, 1489, 1489, 1489, 1489, 1489
1517, 1517, 1517, 1517, 1517, 1517, 1517
1532, 1532, 1532, 1532, 1532, 1532, 1532
1516, 1516, 1516, 1516, 1516, 1516, 1516
1482, 1482, 1482, 1482, 1482, 1482, 1482
1523, 1523, 1523, 1523, 1523, 1523, 1523
1501, 1501, 1501, 1501, 1501, 1501, 1501
1514, 1514, 1514, 1514, 1514, 1514, 1514
1515, 1515, 1515, 1515, 1515, 1515, 1515
1526, 1526, 1526, 1526, 1526, 1526, 1526
1511, 1511, 1511, 1511, 1511, 1511, 1511
1465, 1465, 1465, 1465, 1465, 1465, 1465
1523, 1523, 1523, 1523, 1523, 1523, 1523
1484, 1484, 1484, 1484, 1484, 1484, 1484
1488, 1488, 1488, 1488, 1488, 1488, 1488
1537, 1537, 1537, 1537, 1537, 1537, 1537
1452, 1452, 1452, 1452, 1452, 1452, 1452
1494, 1494, 1494, 1494, 1494, 1494, 1494
1458, 1458, 1458, 1458, 1458, 1458, 1458
1492, 1492, 1492, 1492, 1492, 1492, 1492
1539, 1539, 1539, 1539, 1539, 1539, 1539
1492, 1492, 1492, 1492, 1492, 1492, 1492
1482, 1482, 1482, 1482, 1482, 1482, 1482
1460, 1460, 1460, 1460, 1460, 1460, 1460
1495, 1495, 1495, 1495, 1495, 1495, 1495
1436, 1436, 1436, 1436, 1436, 1436, 1436
1548, 1548, 1548, 1548, 1548, 1548, 1548
1526, 1526, 1526, 1526, 1526, 1526, 1526
1465, 1465, 1465, 1465, 1465, 1465, 1465
1476, 1476, 1476, 1476, 1476, 1476, 1476
1535, 1535, 1535, 1535, 1535, 1535, 1535
1455, 1455, 1455, 1455, 1455, 1455, 1455
1460, 1460, 1460, 1460, 1460, 1460, 1460
1485, 1485, 1485, 1485, 1485, 1485, 1485
1449, 1449, 1449, 1449, 1449, 1449, 1449
1501, 1501, 1501, 1501, 1501, 1501, 1501
1457, 1457, 1457, 1457, 1457, 1457, 1457
1518, 1518, 1518, 1518, 1518, 1518, 1518
1479, 1479, 1479, 1479, 1479, 1479, 1479
1464, 1464, 1464, 1464, 1464, 1464, 1464
1532, 1532, 1532, 1532, 1532, 1532, 1532
1488, 1488, 1488, 1488, 1488, 1488, 1488
1524, 1524, 1524, 1524, 1524, 1524, 1524
1478, 1478, 1478, 1478, 1478, 1478, 1478
1485, 1485, 1485, 1485, 1485, 1485, 1485
1480, 1480, 1480, 1480, 1480, 1480, 1480
1483, 1483, 1483, 1483, 1483, 1483, 1483
1461, 1461, 1461, 1461, 1461, 1461, 1461
1476, 1476, 1476, 1476, 1476, 1476, 1476
1504, 1504, 1504, 1504, 1504, 1504, 1504
1520, 1520, 1520, 1520, 1520, 1520, 1520
1511, 1511, 1511, 1511, 1511, 1511, 1511
1461, 1461, 1461, 1461, 1461, 1461, 1461
1490, 1490, 1490, 1490, 1490, 1490, 1490
1510, 1510, 1510, 1510, 1510, 1510, 1510
1521, 1521, 1521, 1521, 1521, 1521, 1521
1475, 1475, 1475, 1475, 1475, 1475, 1475
1462, 1462, 1462, 1462, 1462, 1462, 1462
1447, 1447, 1447, 1447, 1447, 1447, 1447
1533, 1533, 1533, 1533, 1533, 1533, 1533
1508, 1508, 1508, 1508, 1508, 1508, 1508
1407, 1407, 1407, 1407, 1407, 1407, 1407
1482, 1482, 1482, 1482, 1482, 1482, 1482
1431, 1431, 1431, 1431, 1431, 1431, 1431
1504, 1504, 1504, 1504, 1504, 1504, 1504
1474, 1474, 1474, 1474, 1474, 1474, 1474
1470, 1470, 1470, 1470, 1470, 1470, 1470
1481, 1481, 1481, 1481, 1481, 1481, 1481
1483, 1483, 1483, 1483, 1483, 1483, 1483
1502, 1502, 1502, 1502, 1502, 1502, 1502
1442, 1442, 1442, 1442, 1442, 1442, 1442
1477, 1477, 1477, 1477, 1477, 1477, 1477
1476, 1476, 1476, 1476, 1476, 1476, 1476
1515, 1515, 1515, 1515, 1515, 1515, 1515
1492, 1492, 1492, 1492, 1492, 1492, 1492
1489, 1489, 1489, 1489, 1489, 1489, 1489
1558, 1558, 1558, 1558, 1558, 1558, 1558
1509, 1509, 1509, 1509, 1509, 1509, 1509
1491, 1491, 1491, 1491, 1491, 1491, 1491
1473, 1473, 1473, 1473, 1473, 1473, 1473
1466, 1466, 1466, 1466, 1466, 1466, 1466
1496, 1496, 1496, 1496, 1496, 1496, 1496
1455, 1455, 1455, 1455, 1455, 1455, 1455
1459, 1459, 1459, 1459, 1459, 1459, 1459
1471, 1471, 1471, 1471, 1471, 1471, 1471
1481, 1481, 1481, 1481, 1481, 1481, 1481
1486, 1486, 1486, 1486, 1486, 1486, 1486
1547, 1547, 1547, 1547, 1547, 1547, 1547
1463, 1463, 1463, 1463, 1463, 1463, 1463
1500, 1500, 1500, 1500, 1500, 1500, 1500
1422, 1422, 1422, 1422, 1422, 1422, 1422
1495, 1495, 1495, 1495, 1495, 1495, 1495
1487, 1487, 1487, 1487, 1487, 1487, 1487
1515, 1515, 1515, 1515, 1515, 1515, 1515
1484, 1484, 1484, 1484, 1484, 1484, 1484
1466, 1466, 1466, 1466, 1466, 1466, 1466
1428, 1428, 1428, 1428, 1428, 1428, 1428
1492, 1492, 1492, 1492, 1492, 1492, 1492
1486, 1486, 1486, 1486, 1486, 1486, 1486
1502, 1502, 1502, 1502, 1502, 1502, 1502
1464, 1464, 1464, 1464, 1464, 1464, 1464
1488, 1488, 1488, 1488, 1488, 1488, 1488
1523, 1523, 1523, 1523, 1523, 1523, 1523
1537, 1537, 1537, 1537, 1537, 1537, 1537
1442, 1442, 1442, 1442, 1442, 1442, 1442
1483, 1483, 1483, 1483, 1483, 1483, 1483
1495, 1495, 1495, 1495, 1495, 1495, 1495
1475, 1475, 1475, 1475, 1475, 1475, 1475
1466, 1466, 1466, 1466, 1466, 1466, 1466
1550, 1550, 1550, 1550, 1550, 1550, 1550
1480, 1480, 1480, 1480, 1480, 1480, 1480
1523, 1523, 1523, 1523, 1523, 1523, 1523
1504, 1504, 1504, 1504, 1504, 1504, 1504
1506, 1506, 1506, 1506, 1506, 1506, 1506
1484, 1484, 1484, 1484, 1484, 1484, 1484
1476, 1476, 1476, 1476, 1476, 1476, 1476
1469, 1469, 1469, 1469, 1469, 1469, 1469
1453, 1453, 1453, 1453, 1453, 1453, 1453
1489, 1489, 1489, 1489, 1489, 1489, 1489
1491, 1491, 1491, 1491, 1491, 1491, 1491
1544, 1544, 1544, 1544, 1544, 1544, 1544
1526, 1526, 1526, 1526, 1526, 1526, 1526
1449, 1449, 1449, 1449, 1449, 1449, 1449
1507, 1507, 1507, 1507, 1507, 1507, 1507
1463, 1463, 1463, 1463, 1463, 1463, 1463
1533, 1533, 1533, 1533, 1533, 1533, 1533
1577, 1577, 1577, 1577, 1577, 1577, 1577
1495, 1495, 1495, 1495, 1495, 1495, 1495
1493, 1493, 1493, 1493, 1493, 1493, 1493
1491, 1491, 1491, 1491, 1491, 1491, 1491
1440, 1440, 1440, 1440, 1440, 1440, 1440
1454, 1454, 1454, 1454, 1454, 1454, 1454
1467, 1467, 1467, 1467, 1467, 1467, 1467
1499, 1499, 1499, 1499, 1499, 1499, 1499
1498, 1498, 1498, 1498, 1498, 1498, 1498
1462, 1462, 1462, 1462, 1462, 1462, 1462
1427, 1427, 1427, 1427, 1427, 1427, 1427
1523, 1523, 1523, 1523, 1523, 1523, 1523
1451, 1451, 1451, 1451, 1451, 1451, 1451
1551, 1551, 1551, 1551, 1551, 1551, 1551
1522, 1522, 1522, 1522, 1522, 1522, 1522
1517, 1517, 1517, 1517, 1517, 1517, 1517
1536, 1536, 1536, 1536, 1536, 1536, 1536
1489, 1489, 1489, 1489, 1489, 1489, 1489
1461, 1461, 1461, 1461, 1461, 1461, 1461
1467, 1467, 1467, 1467, 1467, 1467, 1467
1502, 1502, 1502, 1502, 1502, 1502, 1502
1502, 1502, 1502, 1502, 1502, 1502, 1502
1542, 1542, 1542, 1542, 1542, 1542, 1542
1471, 1471, 1471, 1471, 1471, 1471, 1471
1532, 1532, 1532, 1532, 1532, 1532, 1532
1535, 1535, 1535, 1535, 1535, 1535, 1535
1538, 1538, 1538, 1538, 1538, 1538, 1538
1546, 1546, 1546, 1546, 1546, 1546, 1546
1429, 1429, 1429, 1429, 1429, 1429, 1429
1478, 1478, 1478, 1478, 1478, 1478, 1478
1483, 1483, 1483, 1483, 1483, 1483, 1483
1461, 1461, 1461, 1461, 1461, 1461, 1461
1478, 1478, 1478, 1478, 1478, 1478, 1478
1445, 1445, 1445, 1445, 1445, 1445, 1445
1449, 1449, 1449, 1449, 1449, 1449, 1449
1461, 1461, 1461, 1461, 1461, 1461, 1461
1476, 1476, 1476, 1476, 1476, 1476, 1476
1550, 1550, 1550, 1550, 1550, 1550, 1550
1484, 1484, 1484, 1484, 1484, 1484, 1484
1483, 1483, 1483, 1483, 1483, 1483, 1483
1537, 1537, 1537, 1537, 1537, 1537, 1537
1479, 1479, 1479, 1479, 1479, 1479, 1479
1487, 1487, 1487, 1487, 1487, 1487, 1487
1520, 1520, 1520, 1520, 1520, 1520, 1520
1507, 1507, 1507, 1507, 1507, 1507, 1507
1544, 1544, 1544, 1544, 1544, 1544, 1544
1487, 1487, 1487, 1487, 1487, 1487, 1487
1450, 1450, 1450, 1450, 1450, 1450, 1450
1541, 1541, 1541, 1541, 1541, 1541, 1541
1515, 1515, 1515, 1515, 1515, 1515, 1515
1482, 1482, 1482, 1482, 1482, 1482, 1482
1553, 1553, 1553, 1553, 1553, 1553, 1553
1482, 1482, 1482, 1482, 1482, 1482, 1482
1424, 1424, 1424, 1424, 1424, 1424, 1424
1486, 1486, 1486, 1486, 1486, 1486, 1486
1518, 1518, 1518, 1518, 1518, 1518, 1518
1414, 1414, 1414, 1414, 1414, 1414, 1414
1412, 1412, 1412, 1412, 1412, 1412, 1412
1469, 1469, 1469, 1469, 1469, 1469, 1469
1491, 1491, 1491, 1491, 1491, 1491, 1491
1489, 1489, 1489, 1489, 1489, 1489, 1489
1519, 1519, 1519, 1519, 1519, 1519, 1519
1470, 1470, 1470, 1470, 1470, 1470, 1470
1468, 1468, 1468, 1468, 1468, 1468, 1468
1509, 1509, 1509, 1509, 1509, 1509, 1509
1459, 1459, 1459, 1459, 1459, 1459, 1459
1487, 1487, 1487, 1487, 1487, 1487, 1487
1451, 1451, 1451, 1451, 1451, 1451, 1451
1465, 1465, 1465, 1465, 1465, 1465, 1465
1516, 1516, 1516, 1516, 1516, 1516, 1516
1466, 1466, 1466, 1466, 1466, 1466, 1466
1525, 1525, 1525, 1525, 1525, 1525, 1525
1518, 1518, 1518, 1518, 1518, 1518, 1518
1492, 1492, 1492, 1492, 1492, 1492, 1492
1473, 1473, 1473, 1473, 1473, 1473, 1473
1529, 1529, 1529, 1529, 1529, 1529, 1529
1500, 1500, 1500, 1500, 1500, 1500, 1500
1467, 1467, 1467, 1467, 1467, 1467, 1467
1497, 1497, 1497, 1497, 1497, 1497, 1497
1417, 1417, 1417, 1417, 1417, 1417, 1417
1513, 1513, 1513, 1513, 1513, 1513, 1513
1456, 1456, 1456, 1456, 1456, 1456, 1456
1466, 1466, 1466, 1466, 1466, 1466, 1466
1531, 1531, 1531, 1531, 1531, 1531, 1531
1466, 1466, 1466, 1466, 1466, 1466, 1466
1441, 1441, 1441, 1441, 1441, 1441, 1441
1483, 1483, 1483, 1483, 1483, 1483, 1483
1497, 1497, 1497, 1497, 1497, 1497, 1497
1513, 1513, 1513, 1513, 1513, 1513, 1513
1515, 1515, 1515, 1515, 1515, 1515, 1515
1493, 1493, 1493, 1493, 1493, 1493, 1493
1481, 1481, 1481, 1481, 1481, 1481, 1481
1443, 1443, 1443, 1443, 1443, 1443, 1443
1480, 1480, 1480, 1480, 1480, 1480, 1480
1432, 1432, 1432, 1432, 1432, 1432, 1432
1492, 1492, 1492, 1492, 1492, 1492, 1492
1530, 1530, 1530, 1530, 1530, 1530, 1530
1551, 1551, 1551, 1551, 1551, 1551, 1551
1491, 1491, 1491, 1491, 1491, 1491, 1491
1598, 1598, 1598, 1598, 1598, 1598, 1598
1542, 1542, 1542, 1542, 1542, 1542, 1542
1492, 1492, 1492, 1492, 1492, 1492, 1492
1484, 1484, 1484, 1484, 1484, 1484, 1484
1523, 1523, 1523, 1523, 1523, 1523, 1523
1452, 1452, 1452, 1452, 1452, 1452, 1452
1493, 1493, 1493, 1493, 1493, 1493, 1493
1488, 1488, 1488, 1488, 1488, 1488, 1488
1471, 1471, 1471, 1471, 1471, 1471, 1471
1499, 1499, 1499, 1499, 1499, 1499, 1499
1446, 1446, 1446, 1446, 1446, 1446, 1446
1429, 1429, 1429, 1429, 1429, 1429, 1429
1484, 1484, 1484, 1484, 1484, 1484, 1484
1478, 1478, 1478, 1478, 1478, 1478, 1478
1529, 1529, 1529, 1529, 1529, 1529, 1529
1502, 1502, 1502, 1502, 1502, 1502, 1502
1463, 1463, 1463, 1463, 1463, 1463, 1463
1471, 1471, 1471, 1471, 1471, 1471, 1471
1405, 1405, 1405, 1405, 1405, 1405, 1405
1501, 1501, 1501, 1501, 1501, 1501, 1501
1474, 1474, 1474, 1474, 1474, 1474, 1474
1477, 1477, 1477, 1477, 1477, 1477, 1477
1486, 1486, 1486, 1486, 1486, 1486, 1486
1505, 1505, 1505, 1505, 1505, 1505, 1505
1476, 1476, 1476, 1476, 1476, 1476, 1476
1463, 1463, 1463, 1463, 1463, 1463, 1463
1489, 1489, 1489, 1489, 1489, 1489, 1489
1468, 1468, 1468, 1468, 1468, 1468, 1468
1563, 1563, 1563, 1563, 1563, 1563, 1563
1527, 1527, 1527, 1527, 1527, 1527, 1527
1506, 1506, 1506, 1506, 1506, 1506, 1506
1484, 1484, 1484, 1484, 1484, 1484, 1484
1531, 1531, 1531, 1531, 1531, 1531, 1531
1543, 1543, 1543, 1543, 1543, 1543, 1543
1489, 1489, 1489, 1489, 1489, 1489, 1489
1495, 1495, 1495, 1495, 1495, 1495, 1495
1466, 1466, 1466, 1466, 1466, 1466, 1466
1486, 1486, 1486, 1486, 1486, 1486, 1486
1548, 1548, 1548, 1548, 1548, 1548, 1548
1462, 1462, 1462, 1462, 1462, 1462, 1462
1408, 1408, 1408, 1408, 1408, 1408, 1408
1487, 1487, 1487, 1487, 1487, 1487, 1487
1490, 1490, 1490, 1490, 1490, 1490, 1490
1479, 1479, 1479, 1479, 1479, 1479, 1479
1502, 1502, 1502, 1502, 1502, 1502, 1502
1503, 1503, 1503, 1503, 1503, 1503, 1503
1477, 1477, 1477, 1477, 1477, 1477, 1477
1508, 1508, 1508, 1508, 1508, 1508, 1508
1444, 1444, 1444, 1444, 1444, 1444, 1444
1422, 1422, 1422, 1422, 1422, 1422, 1422
1476, 1476, 1476, 1476, 1476, 1476, 1476
1494, 1494, 1494, 1494, 1494, 1494, 1494
1481, 1481, 1481, 1481, 1481, 1481, 1481
1489, 1489, 1489, 1489, 1489, 1489, 1489
1484, 1484, 1484, 1484, 1484, 1484, 1484
1522, 1522, 1522, 1522, 1522, 1522, 1522
1536, 1536, 1536, 1536, 1536, 1536, 1536
1433, 1433, 1433, 1433, 1433, 1433, 1433
1489, 1489, 1489, 1489, 1489, 1489, 1489
1497, 1497, 1497, 1497, 1497, 1497, 1497
1520, 1520, 1520, 1520, 1520, 1520, 1520
1501, 1501, 1501, 1501, 1501, 1501, 1501
1555, 1555, 1555, 1555, 1555, 1555, 1555
1487, 1487, 1487, 1487, 1487, 1487, 1487
1546, 1546, 1546, 1546, 1546, 1546, 1546
1474, 1474, 1474, 1474, 1474, 1474, 1474
1526, 1526, 1526, 1526, 1526, 1526, 1526
1506, 1506, 1506, 1506, 1506, 1506, 1506
1487, 1487, 1487, 1487, 1487, 1487, 1487
1494, 1494, 1494, 1494, 1494, 1494, 1494
1465, 1465, 1465, 1465, 1465, 1465, 1465
1494, 1494, 1494, 1494, 1494, 1494, 1494
1473, 1473, 1473, 1473, 1473, 1473, 1473
1459, 1459, 1459, 1459, 1459, 1459, 1459
1465, 1465, 1465, 1465, 1465, 1465, 1465
1480, 1480, 1480, 1480, 1480, 1480, 1480
1495, 1495, 1495, 1495, 1495, 1495, 1495
1482, 1482, 1482, 1482, 1482, 1482, 1482
1511, 1511, 1511, 1511, 1511, 1511, 1511
1456, 1456, 1456, 1456, 1456, 1456, 1456
1455, 1455, 1455, 1455, 1455, 1455, 1455
1473, 1473, 1473, 1473, 1473, 1473, 1473
1463, 1463, 1463, 1463, 1463, 1463, 1463
1457, 1457, 1457, 1457, 1457, 1457, 1457
1489, 1489, 1489, 1489, 1489, 1489, 1489
1527, 1527, 1527, 1527, 1527, 1527, 1527
1485, 1485, 1485, 1485, 1485, 1485, 1485
1416, 1416, 1416, 1416, 1416, 1416, 1416
1468, 1468, 1468, 1468, 1468, 1468, 1468
1499, 1499, 1499, 1499, 1499, 1499, 1499
1414, 1414, 1414, 1414, 1414, 1414, 1414
1475, 1475, 1475, 1475, 1475, 1475, 1475
1498, 1498, 1498, 1498, 1498, 1498, 1498
1476, 1476, 1476, 1476, 1476, 1476, 1476
1443, 1443, 1443, 1443, 1443, 1443, 1443
1437, 1437, 1437, 1437, 1437, 1437, 1437
1483, 1483, 1483, 1483, 1483, 1483, 1483
1502, 1502, 1502, 1502, 1502, 1502, 1502
1522, 1522, 1522, 1522, 1522, 1522, 1522
1467, 1467, 1467, 1467, 1467, 1467, 1467
1520, 1520, 1520, 1520, 1520, 1520, 1520
1474, 1474, 1474, 1474, 1474, 1474, 1474
1527, 1527, 1527, 1527, 1527, 1527, 1527
1518, 1518, 1518, 1518, 1518, 1518, 1518
1474, 1474, 1474, 1474, 1474, 1474, 1474
1437, 1437, 1437, 1437, 1437, 1437, 1437
1493, 1493, 1493, 1493, 1493, 1493, 1493
1513, 1513, 1513, 1513, 1513, 1513, 1513
1483, 1483, 1483, 1483, 1483, 1483, 1483
1456, 1456, 1456, 1456, 1456, 1456, 1456
1491, 1491, 1491, 1491, 1491, 1491, 1491
1521, 1521, 1521, 1521, 1521, 1521, 1521
1508, 1508, 1508, 1508, 1508, 1508, 1508
1507, 1507, 1507, 1507, 1507, 1507, 1507
1500, 1500, 1500, 1500, 1500, 1500, 1500
1503, 1503, 1503, 1503, 1503, 1503, 1503
1507, 1507, 1507, 1507, 1507, 1507, 1507
1441, 1441, 1441, 1441, 1441, 1441, 1441
1483, 1483, 1483, 1483, 1483, 1483, 1483
1465, 1465, 1465, 1465, 1465, 1465, 1465
1470, 1470, 1470, 1470, 1470, 1470, 1470
1468, 1468, 1468, 1468, 1468, 1468, 1468
1472, 1472, 1472, 1472, 1472, 1472, 1472
1434, 1434, 1434, 1434, 1434, 1434, 1434
1478, 1478, 1478, 1478, 1478, 1478, 1478
1545, 1545, 1545, 1545, 1545, 1545, 1545
1534, 1534, 1534, 1534, 1534, 1534, 1534
1538, 1538, 1538, 1538, 1538, 1538, 1538
1471, 1471, 1471, 1471, 1471, 1471, 1471
1492, 1492, 1492, 1492, 1492, 1492, 1492
1486, 1486, 1486, 1486, 1486, 1486, 1486
1400, 1400, 1400, 1400, 1400, 1400, 1400
1512, 1512, 1512, 1512, 1512, 1512, 1512
1521, 1521, 1521, 1521, 1521, 1521, 1521
1497, 1497, 1497, 1497, 1497, 1497, 1497
1487, 1487, 1487, 1487, 1487, 1487, 1487
1470, 1470, 1470, 1470, 1470, 1470, 1470
1461, 1461, 1461, 1461, 1461, 1461, 1461
1448, 1448, 1448, 1448, 1448, 1448, 1448
1537, 1537, 1537, 1537, 1537, 1537, 1537
1468, 1468, 1468, 1468, 1468, 1468, 1468
1503, 1503, 1503, 1503, 1503, 1503, 1503
1513, 1513, 1513, 1513, 1513, 1513, 1513
1426, 1426, 1426, 1426, 1426, 1426, 1426
1481, 1481, 1481, 1481, 1481, 1481, 1481
1505, 1505, 1505, 1505, 1505, 1505, 1505
1509, 1509, 1509, 1509, 1509, 1509, 1509
1533, 1533, 1533, 1533, 1533, 1533, 1533
1502, 1502, 1502, 1502, 1502, 1502, 1502
1492, 1492, 1492, 1492, 1492, 1492, 1492
1469, 1469, 1469, 1469, 1469, 1469, 1469
1540, 1540, 1540, 1540, 1540, 1540, 1540
1495, 1495, 1495, 1495, 1495, 1495, 1495
1453, 1453, 1453, 1453, 1453, 1453, 1453
1479, 1479, 1479, 1479, 1479, 1479, 1479
1434, 1434, 1434, 1434, 1434, 1434, 1434
1489, 1489, 1489, 1489, 1489, 1489, 1489
1508, 1508, 1508, 1508, 1508, 1508, 1508
1446, 1446, 1446, 1446, 1446, 1446, 1446
1425, 1425, 1425, 1425, 1425, 1425, 1425
1460, 1460, 1460, 1460, 1460, 1460, 1460
1534, 1534, 1534, 1534, 1534, 1534, 1534
1452, 1452, 1452, 1452, 1452, 1452, 1452
1443, 1443, 1443, 1443, 1443, 1443, 1443
1481, 1481, 1481, 1481, 1481, 1481, 1481
1520, 1520, 1520, 1520, 1520, 1520, 1520
1489, 1489, 1489, 1489, 1489, 1489, 1489
1474, 1474, 1474, 1474, 1474, 1474, 1474
1503, 1503, 1503, 1503, 1503, 1503, 1503
1538, 1538, 1538, 1538, 1538, 1538, 1538
1532, 1532, 1532, 1532, 1532, 1532, 1532
1474, 1474, 1474, 1474, 1474, 1474, 1474
1449, 1449, 1449, 1449, 1449, 1449, 1449
1491, 1491, 1491, 1491, 1491, 1491, 1491
1430, 1430, 1430, 1430, 1430, 1430, 1430
1499, 1499, 1499, 1499, 1499, 1499, 1499
1502, 1502, 1502, 1502, 1502, 1502, 1502
1462, 1462, 1462, 1462, 1462, 1462, 1462
1488, 1488, 1488, 1488, 1488, 1488, 1488
1459, 1459, 1459, 1459, 1459, 1459, 1459
1463, 1463, 1463, 1463, 1463, 1463, 1463
1528, 1528, 1528, 1528, 1528, 1528, 1528
1496, 1496, 1496, 1496, 1496, 1496, 1496
1477, 1477, 1477, 1477, 1477, 1477, 1477
1512, 1512, 1512, 1512, 1512, 1512, 1512
1566, 1566, 1566, 1566, 1566, 1566, 1566
1451, 1451, 1451, 1451, 1451, 1451, 1451
1513, 1513, 1513, 1513, 1513, 1513, 1513
1466, 1466, 1466, 1466, 1466, 1466, 1466
1507, 1507, 1507, 1507, 1507, 1507, 1507
1477, 1477, 1477, 1477, 1477, 1477, 1477
1460, 1460, 1460, 1460, 1460, 1460, 1460
1470, 1470, 1470, 1470, 1470, 1470, 1470
1519, 1519, 1519, 1519, 1519, 1519, 1519
1516, 1516, 1516, 1516, 1516, 1516, 1516
1496, 1496, 1496, 1496, 1496, 1496, 1496
1400, 1400, 1400, 1400, 1400, 1400, 1400
1457, 1457, 1457, 1457, 1457, 1457, 1457
1505, 1505, 1505, 1505, 1505, 1505, 1505
1526, 1526, 1526, 1526, 1526, 1526, 1526
1489, 1489, 1489, 1489, 1489, 1489, 1489
1542, 1542, 1542, 1542, 1542, 1542, 1542
1485, 1485, 1485, 1485, 1485, 1485, 1485
1470, 1470, 1470, 1470, 1470, 1470, 1470
1497, 1497, 1497, 1497, 1497, 1497, 1497
1491, 1491, 1491, 1491, 1491, 1491, 1491
1507, 1507, 1507, 1507, 1507, 1507, 1507
1500, 1500, 1500, 1500, 1500, 1500, 1500
1482, 1482, 1482, 1482, 1482, 1482, 1482
1508, 1508, 1508, 1508, 1508, 1508, 1508
1525, 1525, 1525, 1525, 1525, 1525, 1525
1488, 1488, 1488, 1488, 1488, 1488, 1488
1474, 1474, 1474, 1474, 1474, 1474, 1474
1413, 1413, 1413, 1413, 1413, 1413, 1413
1489, 1489, 1489, 1489, 1489, 1489, 1489
1442, 1442, 1442, 1442, 1442, 1442, 1442
1523, 1523, 1523, 1523, 1523, 1523, 1523
1498, 1498, 1498, 1498, 1498, 1498, 1498
1484, 1484, 1484, 1484, 1484, 1484, 1484
1494, 1494, 1494, 1494, 1494, 1494, 1494
1473, 1473, 1473, 1473, 1473, 1473, 1473
1411, 1411, 1411, 1411, 1411, 1411, 1411
1408, 1408, 1408, 1408, 1408, 1408, 1408
1463, 1463, 1463, 1463, 1463, 1463, 1463
1488, 1488, 1488, 1488, 1488, 1488, 1488
1520, 1520, 1520, 1520, 1520, 1520, 1520
1465, 1465, 1465, 1465, 1465, 1465, 1465
1478, 1478, 1478, 1478, 1478, 1478, 1478
1482, 1482, 1482, 1482, 1482, 1482, 1482
1438, 1438, 1438, 1438, 1438, 1438, 1438
1449, 1449, 1449, 1449, 1449, 1449, 1449
1463, 1463, 1463, 1463, 1463, 1463, 1463
1452, 1452, 1452, 1452, 1452, 1452, 1452
1497, 1497, 1497, 1497, 1497, 1497, 1497
1466, 1466, 1466, 1466, 1466, 1466, 1466
1447, 1447, 1447, 1447, 1447, 1447, 1447
1571, 1571, 1571, 1571, 1571, 1571, 1571
1511, 1511, 1511, 1511, 1511, 1511, 1511
1492, 1492, 1492, 1492, 1492, 1492, 1492
1458, 1458, 1458, 1458, 1458, 1458, 1458
1463, 1463, 1463, 1463, 1463, 1463, 1463
1519, 1519, 1519, 1519, 1519, 1519, 1519
1529, 1529, 1529, 1529, 1529, 1529, 1529
1480, 1480, 1480, 1480, 1480, 1480, 1480
1465, 1465, 1465, 1465, 1465, 1465, 1465
1450, 1450, 1450, 1450, 1450, 1450, 1450
1494, 1494, 1494, 1494, 1494, 1494, 1494
1539, 1539, 1539, 1539, 1539, 1539, 1539
1487, 1487, 1487, 1487, 1487, 1487, 1487
1518, 1518, 1518, 1518, 1518, 1518, 1518
1482, 1482, 1482, 1482, 1482, 1482, 1482
1502, 1502, 1502, 1502, 1502, 1502, 1502
1442, 1442, 1442, 1442, 1442, 1442, 1442
1516, 1516, 1516, 1516, 1516, 1516, 1516
1482, 1482, 1482, 1482, 1482, 1482, 1482
1468, 1468, 1468, 1468, 1468, 1468, 1468
1398, 1398, 1398, 1398, 1398, 1398, 1398
1431, 1431, 1431, 1431, 1431, 1431, 1431
1460, 1460, 1460, 1460, 1460, 1460, 1460
1437, 1437, 1437, 1437, 1437, 1437, 1437
1505, 1505, 1505, 1505, 1505, 1505, 1505
1536, 1536, 1536, 1536, 1536, 1536, 1536
1497, 1497, 1497, 1497, 1497, 1497, 1497
1532, 1532, 1532, 1532, 1532, 1532, 1532
1559, 1559, 1559, 1559, 1559, 1559, 1559
1454, 1454, 1454, 1454, 1454, 1454, 1454
1488, 1488, 1488, 1488, 1488, 1488, 1488
1487, 1487, 1487, 1487, 1487, 1487, 1487
1471, 1471, 1471, 1471, 1471, 1471, 1471
1580, 1580, 1580, 1580, 1580, 1580, 1580
1480, 1480, 1480, 1480, 1480, 1480, 1480
1499, 1499, 1499, 1499, 1499, 1499, 1499
1494, 1494, 1494, 1494, 1494, 1494, 1494
1412, 1412, 1412, 1412, 1412, 1412, 1412
1476, 1476, 1476, 1476, 1476, 1476, 1476
1466, 1466, 1466, 1466, 1466, 1466, 1466
1472, 1472, 1472, 1472, 1472, 1472, 1472
1491, 1491, 1491, 1491, 1491, 1491, 1491
1514, 1514, 1514, 1514, 1514, 1514, 1514
1475, 1475, 1475, 1475, 1475, 1475, 1475
1452, 1452, 1452, 1452, 1452, 1452, 1452
1497, 1497, 1497, 1497, 1497, 1497, 1497
1462, 1462, 1462, 1462, 1462, 1462, 1462
1492, 1492, 1492, 1492, 1492, 1492, 1492
1505, 1505, 1505, 1505, 1505, 1505, 1505
1492, 1492, 1492, 1492, 1492, 1492, 1492
1575, 1575, 1575, 1575, 1575, 1575, 1575
1467, 1467, 1467, 1467, 1467, 1467, 1467
1468, 1468, 1468, 1468, 1468, 1468, 1468
1539, 1539, 1539, 1539, 1539, 1539, 1539
1487, 1487, 1487, 1487, 1487, 1487, 1487
1478, 1478, 1478, 1478, 1478, 1478, 1478
1492, 1492, 1492, 1492, 1492, 1492, 1492
1472, 1472, 1472, 1472, 1472, 1472, 1472
1490, 1490, 1490, 1490, 1490, 1490, 1490
1478, 1478, 1478, 1478, 1478, 1478, 1478
1459, 1459, 1459, 1459, 1459, 1459, 1459
1489, 1489, 1489, 1489, 1489, 1489, 1489
1485, 1485, 1485, 1485, 1485, 1485, 1485
1490, 1490, 1490, 1490, 1490, 1490, 1490
1473, 1473, 1473, 1473, 1473, 1473, 1473
1493, 1493, 1493, 1493, 1493, 1493, 1493
1462, 1462, 1462, 1462, 1462, 1462, 1462
1465, 1465, 1465, 1465, 1465, 1465, 1465
1466, 1466, 1466, 1466, 1466, 1466, 1466
1500, 1500, 1500, 1500, 1500, 1500, 1500
1467, 1467, 1467, 1467, 1467, 1467, 1467
1469, 1469, 1469, 1469, 1469, 1469, 1469
1481, 1481, 1481, 1481, 1481, 1481, 1481
1481, 1481, 1481, 1481, 1481, 1481, 1481
1500, 1500, 1500, 1500, 1500, 1500, 1500
1502, 1502, 1502, 1502, 1502, 1502, 1502
1461, 1461, 1461, 1461, 1461, 1461, 1461
1439, 1439, 1439, 1439, 1439, 1439, 1439
1474, 1474, 1474, 1474, 1474, 1474, 1474
1509, 1509, 1509, 1509, 1509, 1509, 1509
1491, 1491, 1491, 1491, 1491, 1491, 1491
1495, 1495, 1495, 1495, 1495, 1495, 1495
1484, 1484, 1484, 1484, 1484, 1484, 1484
1490, 1490, 1490, 1490, 1490, 1490, 1490
1435, 1435, 1435, 1435, 1435, 1435, 1435
1464, 1464, 1464, 1464, 1464, 1464, 1464
1514, 1514, 1514, 1514, 1514, 1514, 1514
1525, 1525, 1525, 1525, 1525, 1525, 1525
1465, 1465, 1465, 1465, 1465, 1465, 1465
1530, 1530, 1530, 1530, 1530, 1530, 1530
1560, 1560, 1560, 1560, 1560, 1560, 1560
1456, 1456, 1456, 1456, 1456, 1456, 1456
1455, 1455, 1455, 1455, 1455, 1455, 1455
1486, 1486, 1486, 1486, 1486, 1486, 1486
1529, 1529, 1529, 1529, 1529, 1529, 1529
1483, 1483, 1483, 1483, 1483, 1483, 1483
1509, 1509, 1509, 1509, 1509, 1509, 1509
1522, 1522, 1522, 1522, 1522, 1522, 1522
1438, 1438, 1438, 1438, 1438, 1438, 1438
1492, 1492, 1492, 1492, 1492, 1492, 1492
1536, 1536, 1536, 1536, 1536, 1536, 1536
1490, 1490, 1490, 1490, 1490, 1490, 1490
1526, 1526, 1526, 1526, 1526, 1526, 1526
1543, 1543, 1543, 1543, 1543, 1543, 1543
1436, 1436, 1436, 1436, 1436, 1436, 1436
1474, 1474, 1474, 1474, 1474, 1474, 1474
1437, 1437, 1437, 1437, 1437, 1437, 1437
1503, 1503, 1503, 1503, 1503, 1503, 1503
1554, 1554, 1554, 1554, 1554, 1554, 1554
1443, 1443, 1443, 1443, 1443, 1443, 1443
1450, 1450, 1450, 1450, 1450, 1450, 1450
1448, 1448, 1448, 1448, 1448, 1448, 1448
1508, 1508, 1508, 1508, 1508, 1508, 1508
1487, 1487, 1487, 1487, 1487, 1487, 1487
1479, 1479, 1479, 1479, 1479, 1479, 1479
1502, 1502, 1502, 1502, 1502, 1502, 1502
1500, 1500, 1500, 1500, 1500, 1500, 1500
1527, 1527, 1527, 1527, 1527, 1527, 1527
1453, 1453, 1453, 1453, 1453, 1453, 1453
1458, 1458, 1458, 1458, 1458, 1458, 1458
1478, 1478, 1478, 1478, 1478, 1478, 1478
1511, 1511, 1511, 1511, 1511, 1511, 1511
1492, 1492, 1492, 1492, 1492, 1492, 1492
1489, 1489, 1489, 1489, 1489, 1489, 1489
1503, 1503, 1503, 1503, 1503, 1503, 1503
1486, 1486, 1486, 1486, 1486, 1486, 1486
1526, 1526, 1526, 1526, 1526, 1526, 1526
1488, 1488, 1488, 1488, 1488, 1488, 1488
1473, 1473, 1473, 1473, 1473, 1473, 1473
1493, 1493, 1493, 1493, 1493, 1493, 1493
1526, 1526, 1526, 1526, 1526, 1526, 1526
1483, 1483, 1483, 1483, 1483, 1483, 1483
1503, 1503, 1503, 1503, 1503, 1503, 1503
1530, 1530, 1530, 1530, 1530, 1530, 1530
1477, 1477, 1477, 1477, 1477, 1477, 1477
1533, 1533, 1533, 1533, 1533, 1533, 1533
1444, 1444, 1444, 1444, 1444, 1444, 1444
1501, 1501, 1501, 1501, 1501, 1501, 1501
1507, 1507, 1507, 1507, 1507, 1507, 1507
1500, 1500, 1500, 1500, 1500, 1500, 1500
1488, 1488, 1488, 1488, 1488, 1488, 1488
1421, 1421, 1421, 1421, 1421, 1421, 1421
1486, 1486, 1486, 1486, 1486, 1486, 1486
1470, 1470, 1470, 1470, 1470, 1470, 1470
1482, 1482, 1482, 1482, 1482, 1482, 1482
1476, 1476, 1476, 1476, 1476, 1476, 1476
1438, 1438, 1438, 1438, 1438, 1438, 1438
1498, 1498, 1498, 1498, 1498, 1498, 1498
1493, 1493, 1493, 1493, 1493, 1493, 1493
1490, 1490, 1490, 1490, 1490, 1490, 1490
1512, 1512, 1512, 1512, 1512, 1512, 1512
1502, 1502, 1502, 1502, 1502, 1502, 1502
1444, 1444, 1444, 1444, 1444, 1444, 1444
1480, 1480, 1480, 1480, 1480, 1480, 1480
1505, 1505, 1505, 1505, 1505, 1505, 1505
1453, 1453, 1453, 1453, 1453, 1453, 1453
1487, 1487, 1487, 1487, 1487, 1487, 1487
1499, 1499, 1499, 1499, 1499, 1499, 1499
1472, 1472, 1472, 1472, 1472, 1472, 1472
1408, 1408, 1408, 1408, 1408, 1408, 1408
1498, 1498, 1498, 1498, 1498, 1498, 1498
1529, 1529, 1529, 1529, 1529, 1529, 1529
1394, 1394, 1394, 1394, 1394, 1394, 1394
1437, 1437, 1437, 1437, 1437, 1437, 1437
1499, 1499, 1499, 1499, 1499, 1499, 1499
1517, 1517, 1517, 1517, 1517, 1517, 1517
1489, 1489, 1489, 1489, 1489, 1489, 1489
1460, 1460, 1460, 1460, 1460, 1460, 1460
1445, 1445, 1445, 1445, 1445, 1445, 1445
1451, 1451, 1451, 1451, 1451, 1451, 1451
1524, 1524, 1524, 1524, 1524, 1524, 1524
1491, 1491, 1491, 1491, 1491, 1491, 1491
1479, 1479, 1479, 1479, 1479, 1479, 1479
1517, 1517, 1517, 1517, 1517, 1517, 1517
1489, 1489, 1489, 1489, 1489, 1489, 1489
1440, 1440, 1440, 1440, 1440, 1440, 1440
1503, 1503, 1503, 1503, 1503, 1503, 1503
1494, 1494, 1494, 1494, 1494, 1494, 1494
1482, 1482, 1482, 1482, 1482, 1482, 1482
1532, 1532, 1532, 1532, 1532, 1532, 1532
1468, 1468, 1468, 1468, 1468, 1468, 1468
1479, 1479, 1479, 1479, 1479, 1479, 1479
1529, 1529, 1529, 1529, 1529, 1529, 1529
1438, 1438, 1438, 1438, 1438, 1438, 1438
1451, 1451, 1451, 1451, 1451, 1451, 1451
1451, 1451, 1451, 1451, 1451, 1451, 1451
1494, 1494, 1494, 1494, 1494, 1494, 1494
1504, 1504, 1504, 1504, 1504, 1504, 1504
1486, 1486, 1486, 1486, 1486, 1486, 1486
1458, 1458, 1458, 1458, 1458, 1458, 1458
1495, 1495, 1495, 1495, 1495, 1495, 1495
1483, 1483, 1483, 1483, 1483, 1483, 1483
1510, 1510, 1510, 1510, 1510, 1510, 1510
1434, 1434, 1434, 1434, 1434, 1434, 1434
1505, 1505, 1505, 1505, 1505, 1505, 1505
1522, 1522, 1522, 1522, 1522, 1522, 1522
1448, 1448, 1448, 1448, 1448, 1448, 1448
1471, 1471, 1471, 1471, 1471, 1471, 1471
1500, 1500, 1500, 1500, 1500, 1500, 1500
