331, 251, 255, 250, 388, 369, 257, 262, 268, 268, 266, 261, 258, 251, 273, 265, 255
387, 285, 289, 281, 427, 410, 298, 294, 302, 314, 297, 291, 290, 293, 295, 289, 294
378, 287, 288, 284, 428, 388, 290, 298, 302, 307, 314, 294, 289, 289, 307, 297, 295
371, 282, 285, 281, 413, 392, 282, 290, 292, 288, 303, 285, 285, 284, 296, 292, 285
370, 280, 287, 275, 431, 396, 292, 290, 293, 301, 290, 290, 287, 284, 301, 295, 287
366, 274, 272, 267, 402, 380, 273, 280, 289, 290, 304, 275, 275, 274, 290, 280, 280
343, 262, 269, 258, 407, 371, 272, 270, 273, 277, 288, 265, 265, 266, 278, 275, 273
358, 264, 267, 263, 397, 367, 272, 277, 279, 286, 288, 268, 269, 268, 279, 275, 268
344, 263, 272, 259, 414, 371, 279, 276, 283, 283, 286, 275, 270, 268, 274, 272, 272
350, 252, 254, 250, 411, 385, 269, 263, 278, 290, 275, 258, 256, 259, 263, 254, 256
348, 265, 268, 265, 409, 387, 278, 277, 285, 286, 303, 277, 268, 268, 283, 280, 277
315, 228, 227, 223, 374, 358, 233, 236, 238, 262, 230, 228, 229, 228, 242, 241, 234
366, 251, 253, 249, 421, 396, 255, 251, 269, 276, 297, 253, 255, 256, 263, 267, 254
333, 249, 254, 246, 412, 385, 263, 256, 266, 288, 264, 255, 251, 249, 262, 265, 258
362, 260, 262, 258, 419, 392, 263, 266, 289, 290, 293, 264, 268, 260, 266, 266, 262
329, 250, 255, 248, 396, 374, 259, 256, 262, 281, 275, 256, 251, 252, 256, 256, 255
356, 273, 279, 273, 412, 384, 284, 286, 291, 301, 299, 283, 281, 275, 291, 290, 287
362, 269, 276, 266, 428, 393, 289, 284, 287, 291, 304, 284, 276, 274, 285, 286, 277
351, 254, 255, 254, 409, 396, 264, 269, 270, 268, 283, 261, 254, 254, 274, 273, 263
382, 299, 298, 295, 431, 415, 305, 303, 314, 320, 309, 312, 302, 302, 300, 313, 303
359, 267, 274, 266, 416, 383, 283, 279, 285, 281, 291, 283, 269, 269, 280, 279, 279
351, 271, 268, 267, 412, 382, 275, 279, 282, 282, 288, 275, 272, 271, 274, 281, 268
329, 240, 247, 238, 393, 351, 243, 250, 260, 256, 259, 258, 241, 243, 254, 247, 249
388, 295, 297, 291, 440, 423, 298, 303, 309, 316, 312, 312, 296, 295, 300, 299, 304
347, 254, 264, 253, 397, 370, 265, 268, 264, 280, 269, 261, 265, 260, 264, 271, 266
336, 237, 245, 236, 389, 377, 251, 247, 257, 260, 259, 256, 243, 241, 247, 245, 245
347, 257, 265, 257, 397, 364, 268, 274, 274, 278, 275, 267, 264, 257, 280, 272, 270
375, 279, 283, 278, 421, 392, 294, 296, 299, 306, 305, 293, 287, 284, 298, 290, 290
363, 272, 279, 272, 410, 393, 284, 289, 291, 291, 287, 284, 280, 272, 292, 285, 279
362, 266, 264, 262, 415, 384, 272, 280, 282, 293, 276, 269, 266, 271, 283, 269, 274
339, 247, 253, 246, 406, 366, 252, 251, 265, 262, 273, 247, 250, 247, 261, 259, 259
339, 264, 266, 262, 397, 379, 272, 274, 276, 273, 277, 266, 269, 264, 281, 275, 268
342, 263, 269, 259, 398, 375, 273, 270, 280, 284, 286, 275, 270, 263, 282, 269, 269
331, 244, 244, 240, 393, 371, 254, 252, 258, 270, 269, 248, 248, 244, 250, 254, 245
350, 253, 254, 251, 399, 374, 264, 261, 271, 267, 279, 253, 253, 255, 276, 265, 260
338, 259, 258, 258, 394, 373, 268, 267, 277, 276, 275, 262, 262, 259, 258, 258, 263
344, 259, 266, 257, 398, 379, 269, 275, 276, 284, 271, 259, 260, 264, 272, 280, 278
371, 280, 287, 279, 408, 401, 298, 292, 305, 297, 312, 298, 287, 280, 310, 296, 298
373, 274, 283, 273, 429, 407, 282, 287, 296, 301, 301, 283, 283, 283, 298, 287, 287
358, 269, 277, 267, 424, 397, 285, 289, 284, 304, 304, 277, 283, 269, 278, 297, 286
361, 264, 267, 262, 422, 397, 270, 274, 291, 283, 282, 272, 266, 270, 284, 274, 267
328, 237, 238, 235, 394, 369, 239, 239, 254, 258, 252, 244, 237, 237, 238, 238, 238
382, 284, 283, 282, 436, 401, 282, 286, 298, 303, 307, 284, 291, 285, 294, 305, 283
363, 273, 273, 269, 435, 406, 281, 277, 291, 301, 288, 278, 273, 274, 288, 274, 276
321, 249, 253, 247, 381, 367, 259, 253, 257, 275, 278, 256, 254, 253, 259, 256, 256
388, 283, 287, 280, 430, 411, 296, 293, 301, 314, 317, 284, 293, 287, 306, 290, 289
327, 253, 259, 245, 386, 372, 265, 260, 268, 272, 286, 254, 261, 256, 261, 263, 259
332, 249, 258, 248, 396, 372, 261, 266, 274, 274, 276, 261, 260, 249, 283, 266, 258
372, 289, 288, 284, 429, 391, 297, 296, 300, 298, 303, 300, 294, 289, 300, 288, 296
351, 264, 268, 263, 421, 394, 274, 270, 284, 298, 287, 274, 268, 267, 277, 268, 268
344, 255, 255, 253, 394, 375, 265, 260, 266, 275, 282, 264, 262, 256, 275, 265, 259
358, 264, 267, 261, 408, 384, 268, 273, 273, 290, 279, 264, 267, 267, 282, 278, 267
354, 250, 253, 249, 406, 377, 255, 256, 269, 268, 280, 263, 252, 254, 264, 267, 263
345, 251, 263, 251, 404, 369, 258, 261, 268, 276, 290, 260, 252, 257, 275, 269, 270
347, 258, 265, 256, 414, 379, 266, 268, 272, 283, 276, 258, 269, 264, 272, 276, 267
344, 253, 257, 251, 412, 381, 267, 269, 273, 269, 289, 260, 256, 257, 267, 265, 265
333, 249, 249, 246, 385, 353, 256, 260, 263, 269, 264, 255, 256, 251, 254, 254, 254
351, 268, 263, 265, 411, 376, 275, 276, 285, 296, 296, 277, 269, 269, 283, 272, 275
353, 264, 266, 261, 407, 381, 272, 274, 279, 287, 286, 270, 268, 264, 290, 268, 270
363, 284, 285, 280, 427, 404, 296, 287, 303, 308, 288, 286, 284, 286, 299, 290, 290
361, 263, 264, 259, 411, 391, 264, 268, 283, 283, 294, 265, 267, 263, 275, 271, 274
326, 239, 239, 237, 399, 357, 257, 250, 257, 256, 261, 239, 239, 241, 262, 245, 245
351, 263, 265, 259, 402, 395, 268, 277, 279, 292, 284, 274, 268, 264, 273, 272, 272
367, 277, 283, 276, 429, 394, 293, 287, 296, 308, 297, 279, 282, 283, 290, 290, 283
353, 266, 269, 261, 412, 384, 269, 272, 281, 286, 278, 272, 266, 268, 276, 288, 271
375, 283, 282, 280, 403, 403, 287, 292, 297, 301, 292, 286, 287, 283, 292, 286, 286
374, 271, 272, 271, 422, 395, 281, 284, 286, 307, 286, 281, 276, 271, 287, 283, 276
357, 272, 276, 269, 407, 377, 285, 283, 287, 287, 283, 274, 272, 272, 278, 278, 281
377, 283, 282, 279, 411, 392, 285, 291, 300, 303, 312, 286, 287, 285, 295, 282, 289
364, 269, 276, 266, 426, 398, 267, 279, 292, 291, 303, 287, 272, 276, 294, 282, 280
327, 234, 235, 233, 362, 352, 249, 249, 261, 256, 253, 245, 240, 241, 253, 248, 235
367, 280, 281, 279, 420, 387, 291, 286, 293, 294, 314, 288, 283, 287, 295, 281, 288
342, 243, 244, 241, 410, 375, 248, 247, 255, 263, 264, 253, 249, 249, 245, 254, 251
337, 237, 237, 235, 401, 371, 245, 250, 253, 265, 281, 244, 241, 238, 246, 240, 237
352, 259, 264, 256, 403, 368, 272, 260, 279, 287, 283, 262, 268, 262, 272, 277, 272
350, 268, 270, 267, 422, 390, 283, 278, 287, 293, 291, 268, 277, 274, 279, 270, 279
370, 278, 279, 273, 415, 387, 285, 285, 291, 290, 286, 278, 280, 279, 287, 284, 284
373, 275, 283, 273, 420, 398, 278, 286, 288, 301, 305, 281, 283, 284, 293, 289, 289
352, 265, 269, 263, 410, 374, 273, 273, 281, 282, 288, 273, 271, 265, 269, 273, 277
355, 259, 266, 259, 396, 388, 274, 277, 288, 282, 303, 271, 271, 259, 286, 266, 279
396, 296, 298, 292, 445, 413, 305, 301, 316, 304, 317, 301, 303, 296, 298, 308, 298
337, 249, 253, 247, 399, 371, 259, 265, 267, 271, 273, 256, 253, 251, 259, 257, 259
362, 259, 263, 256, 408, 394, 262, 256, 276, 288, 284, 273, 259, 263, 279, 263, 270
365, 269, 272, 269, 415, 389, 280, 282, 287, 284, 297, 275, 281, 273, 275, 279, 278
377, 279, 284, 277, 421, 399, 284, 282, 298, 299, 293, 286, 288, 286, 300, 284, 289
337, 241, 248, 240, 376, 363, 253, 243, 253, 256, 265, 248, 244, 241, 258, 262, 252
370, 280, 282, 278, 413, 398, 291, 287, 300, 295, 300, 293, 288, 280, 292, 292, 288
335, 253, 257, 252, 396, 366, 262, 262, 269, 276, 286, 257, 257, 259, 278, 259, 268
369, 275, 279, 274, 415, 390, 284, 283, 294, 291, 290, 275, 285, 286, 287, 283, 284
322, 244, 249, 241, 377, 356, 256, 249, 257, 264, 269, 253, 244, 244, 264, 249, 253
351, 257, 265, 255, 408, 374, 268, 273, 273, 271, 290, 267, 267, 257, 277, 268, 265
347, 262, 267, 262, 408, 377, 272, 266, 272, 289, 287, 273, 264, 262, 284, 267, 272
366, 277, 287, 274, 413, 383, 286, 292, 299, 301, 289, 289, 284, 286, 297, 292, 287
360, 272, 277, 272, 410, 387, 279, 281, 290, 288, 292, 282, 275, 279, 285, 285, 277
365, 260, 264, 257, 410, 393, 273, 272, 277, 277, 299, 274, 272, 260, 264, 273, 267
338, 246, 258, 245, 387, 367, 263, 264, 273, 271, 280, 260, 259, 259, 272, 263, 264
341, 261, 260, 258, 406, 365, 264, 276, 274, 283, 277, 265, 265, 263, 277, 263, 260
370, 281, 286, 278, 432, 403, 293, 296, 299, 300, 302, 290, 287, 287, 286, 295, 290
368, 276, 280, 275, 425, 398, 286, 288, 293, 282, 298, 288, 282, 282, 280, 289, 285
346, 271, 279, 267, 402, 381, 289, 282, 285, 294, 303, 275, 278, 276, 289, 279, 284
