340, 256, 262, 251, 408, 371, 272, 265, 270, 277, 283, 258, 261, 259, 273, 265, 262
381, 288, 289, 282, 435, 392, 296, 293, 302, 309, 311, 292, 291, 293, 298, 299, 289
372, 275, 277, 274, 418, 400, 289, 285, 298, 304, 302, 285, 280, 284, 290, 291, 277
360, 260, 270, 258, 408, 390, 280, 279, 280, 291, 293, 276, 263, 260, 270, 275, 272
349, 271, 275, 266, 407, 383, 277, 273, 285, 290, 283, 272, 278, 274, 280, 276, 275
353, 269, 271, 265, 413, 390, 276, 266, 282, 298, 284, 274, 271, 272, 281, 279, 274
362, 286, 292, 286, 414, 401, 290, 294, 301, 301, 308, 288, 288, 290, 303, 296, 292
355, 265, 265, 264, 415, 384, 277, 277, 283, 290, 278, 275, 276, 265, 288, 265, 274
359, 258, 258, 258, 410, 384, 266, 272, 271, 275, 293, 258, 267, 265, 270, 258, 258
358, 268, 270, 267, 407, 393, 275, 278, 285, 300, 287, 276, 269, 268, 270, 270, 274
343, 258, 267, 257, 396, 384, 268, 272, 273, 283, 270, 265, 258, 265, 267, 272, 271
359, 264, 267, 258, 411, 388, 274, 268, 280, 281, 293, 275, 264, 265, 286, 267, 280
352, 267, 269, 263, 406, 379, 277, 280, 287, 277, 300, 267, 270, 267, 275, 275, 276
350, 261, 271, 261, 394, 380, 274, 272, 273, 287, 277, 269, 264, 266, 284, 276, 275
343, 259, 263, 256, 407, 380, 266, 261, 277, 274, 277, 270, 265, 263, 277, 265, 267
371, 275, 285, 273, 427, 401, 287, 293, 291, 305, 305, 287, 284, 275, 298, 295, 291
374, 286, 282, 284, 440, 411, 286, 281, 304, 316, 312, 292, 286, 286, 293, 302, 282
381, 277, 284, 276, 419, 388, 286, 286, 298, 298, 292, 287, 287, 286, 296, 292, 287
383, 292, 292, 287, 427, 405, 299, 288, 304, 304, 301, 294, 294, 292, 296, 292, 296
316, 244, 248, 242, 389, 368, 250, 253, 264, 253, 268, 248, 249, 244, 260, 258, 254
364, 274, 278, 272, 408, 388, 275, 280, 289, 290, 304, 283, 274, 274, 290, 280, 278
361, 278, 280, 271, 422, 388, 285, 284, 286, 300, 299, 282, 280, 278, 291, 285, 284
347, 253, 255, 250, 414, 393, 260, 262, 275, 270, 262, 262, 259, 255, 280, 258, 263
323, 251, 260, 251, 385, 364, 261, 260, 267, 269, 271, 256, 254, 254, 260, 261, 261
373, 292, 289, 285, 432, 401, 296, 292, 306, 304, 300, 294, 294, 294, 298, 289, 292
359, 263, 272, 261, 409, 381, 273, 276, 277, 285, 289, 269, 263, 263, 283, 283, 280
341, 255, 260, 255, 406, 384, 268, 265, 277, 276, 280, 255, 264, 264, 266, 260, 266
349, 263, 265, 259, 406, 375, 271, 271, 278, 283, 290, 271, 267, 266, 279, 278, 265
335, 246, 249, 246, 392, 367, 262, 256, 256, 262, 258, 255, 250, 249, 259, 249, 253
349, 248, 252, 248, 408, 376, 253, 264, 267, 268, 285, 259, 248, 257, 268, 262, 262
357, 270, 276, 270, 405, 388, 275, 278, 286, 287, 295, 275, 279, 275, 280, 284, 276
369, 260, 265, 258, 422, 385, 268, 264, 288, 279, 287, 277, 261, 267, 292, 274, 274
349, 261, 269, 259, 406, 369, 275, 276, 277, 285, 283, 274, 264, 261, 269, 275, 269
373, 287, 292, 287, 423, 398, 294, 298, 306, 307, 305, 298, 291, 293, 303, 300, 292
347, 263, 269, 262, 399, 374, 272, 274, 281, 277, 279, 271, 271, 263, 281, 280, 278
355, 255, 253, 252, 410, 390, 261, 260, 270, 278, 297, 261, 255, 255, 275, 255, 253
345, 241, 247, 239, 402, 368, 245, 251, 266, 264, 278, 241, 249, 242, 265, 253, 247
339, 248, 259, 241, 384, 362, 262, 261, 266, 268, 261, 265, 251, 248, 259, 260, 259
344, 260, 271, 259, 398, 379, 269, 266, 282, 282, 287, 263, 268, 262, 280, 278, 271
368, 267, 273, 265, 412, 401, 277, 276, 284, 293, 295, 271, 272, 267, 291, 274, 278
355, 267, 276, 266, 402, 377, 275, 277, 290, 298, 293, 272, 279, 272, 276, 281, 276
374, 264, 265, 263, 422, 389, 268, 272, 273, 301, 303, 271, 264, 264, 267, 276, 268
342, 259, 261, 253, 393, 371, 269, 261, 271, 285, 282, 260, 260, 260, 268, 268, 271
384, 286, 286, 283, 426, 403, 292, 291, 299, 312, 304, 295, 292, 292, 305, 291, 286
339, 243, 245, 241, 389, 368, 250, 259, 261, 278, 260, 252, 246, 243, 256, 258, 250
367, 277, 284, 275, 418, 389, 287, 287, 296, 288, 298, 283, 280, 277, 292, 288, 285
325, 254, 256, 253, 389, 368, 265, 262, 266, 274, 279, 260, 254, 257, 275, 265, 265
322, 237, 234, 234, 387, 353, 249, 249, 258, 263, 274, 249, 237, 239, 257, 252, 234
363, 272, 279, 268, 419, 395, 277, 285, 292, 286, 287, 276, 279, 272, 288, 289, 288
369, 281, 283, 276, 424, 379, 289, 290, 294, 299, 307, 288, 281, 282, 290, 291, 283
368, 267, 277, 266, 398, 380, 284, 276, 293, 287, 295, 267, 277, 275, 290, 288, 283
362, 266, 274, 263, 410, 384, 273, 273, 278, 293, 287, 278, 272, 272, 275, 279, 278
371, 268, 280, 266, 420, 400, 279, 281, 294, 293, 312, 288, 282, 277, 283, 296, 282
371, 263, 265, 262, 429, 397, 265, 272, 270, 297, 294, 273, 270, 267, 281, 274, 274
398, 290, 296, 285, 447, 422, 300, 294, 312, 319, 335, 305, 295, 295, 314, 306, 296
311, 248, 251, 246, 388, 366, 258, 255, 270, 269, 281, 259, 256, 250, 267, 257, 255
358, 269, 272, 267, 406, 390, 274, 271, 278, 287, 307, 272, 269, 272, 279, 276, 276
400, 286, 295, 286, 450, 412, 296, 295, 312, 325, 329, 304, 297, 286, 313, 295, 300
354, 274, 280, 267, 402, 386, 287, 281, 292, 287, 293, 282, 274, 274, 287, 281, 284
349, 255, 253, 253, 395, 377, 265, 266, 271, 275, 266, 262, 260, 260, 278, 273, 268
353, 267, 271, 265, 413, 374, 280, 274, 269, 285, 297, 279, 273, 267, 287, 280, 280
325, 239, 245, 239, 375, 350, 248, 246, 253, 265, 253, 252, 244, 248, 251, 247, 250
367, 280, 281, 276, 415, 387, 288, 284, 294, 286, 304, 282, 284, 280, 290, 288, 281
361, 269, 272, 268, 410, 390, 276, 279, 280, 287, 296, 270, 270, 269, 280, 278, 272
333, 248, 249, 245, 394, 380, 250, 247, 261, 272, 274, 250, 248, 248, 251, 250, 252
349, 260, 268, 259, 400, 378, 270, 268, 280, 290, 285, 268, 260, 265, 271, 271, 268
340, 242, 241, 239, 405, 375, 252, 242, 261, 260, 252, 243, 252, 242, 262, 251, 244
336, 244, 245, 243, 398, 371, 249, 249, 268, 269, 253, 253, 249, 247, 259, 255, 258
370, 283, 288, 279, 431, 402, 292, 292, 297, 296, 301, 290, 284, 284, 294, 291, 291
347, 257, 261, 255, 401, 377, 264, 256, 273, 265, 292, 259, 259, 257, 269, 270, 265
377, 271, 275, 270, 425, 392, 280, 277, 286, 292, 277, 274, 275, 272, 284, 276, 277
350, 262, 268, 259, 409, 385, 269, 277, 279, 293, 274, 276, 262, 262, 276, 278, 268
365, 267, 266, 264, 412, 390, 271, 275, 288, 294, 283, 267, 272, 267, 275, 266, 273
346, 262, 270, 259, 404, 374, 269, 275, 280, 283, 288, 274, 269, 263, 281, 282, 272
335, 250, 253, 247, 393, 373, 254, 260, 265, 278, 275, 265, 255, 250, 253, 269, 254
325, 252, 258, 252, 408, 359, 263, 255, 264, 268, 275, 257, 256, 258, 270, 268, 258
362, 276, 272, 272, 412, 390, 285, 276, 286, 291, 295, 277, 278, 277, 286, 288, 272
347, 259, 259, 258, 396, 375, 279, 263, 276, 283, 271, 264, 270, 262, 285, 282, 259
390, 285, 279, 279, 441, 418, 295, 293, 299, 316, 293, 303, 295, 286, 297, 292, 293
385, 285, 289, 284, 435, 407, 304, 298, 308, 307, 311, 292, 291, 290, 310, 292, 289
360, 266, 274, 263, 410, 391, 279, 280, 290, 296, 289, 277, 268, 269, 292, 281, 280
356, 267, 272, 263, 403, 384, 273, 283, 283, 295, 293, 277, 271, 271, 290, 282, 278
348, 269, 280, 264, 408, 388, 275, 277, 282, 294, 281, 275, 273, 273, 288, 283, 283
339, 263, 268, 261, 401, 376, 270, 272, 275, 274, 274, 271, 267, 263, 271, 273, 271
365, 261, 264, 261, 424, 396, 277, 276, 277, 305, 316, 279, 267, 266, 289, 267, 264
370, 285, 280, 281, 434, 398, 289, 286, 301, 302, 292, 288, 288, 286, 289, 289, 289
343, 259, 260, 256, 400, 378, 269, 269, 280, 281, 275, 264, 263, 260, 279, 268, 265
351, 266, 268, 264, 402, 369, 270, 259, 281, 282, 281, 268, 276, 268, 280, 274, 279
343, 259, 256, 255, 404, 388, 263, 260, 277, 294, 283, 272, 261, 259, 256, 262, 256
380, 282, 285, 281, 428, 402, 298, 288, 300, 307, 297, 289, 285, 282, 292, 297, 286
346, 265, 272, 260, 405, 374, 277, 274, 281, 285, 293, 276, 274, 265, 285, 278, 272
333, 249, 246, 245, 391, 352, 260, 251, 254, 256, 272, 253, 251, 251, 270, 246, 255
351, 255, 258, 248, 404, 381, 267, 266, 276, 288, 280, 257, 257, 255, 258, 281, 260
363, 260, 269, 258, 407, 387, 274, 275, 278, 285, 295, 278, 266, 260, 276, 282, 272
367, 272, 284, 268, 431, 399, 287, 274, 295, 297, 293, 280, 279, 275, 290, 287, 286
375, 277, 283, 276, 426, 405, 286, 292, 300, 305, 317, 290, 285, 284, 295, 285, 289
348, 259, 268, 255, 408, 383, 273, 271, 284, 280, 272, 273, 262, 265, 283, 275, 272
351, 261, 269, 261, 397, 374, 272, 274, 274, 278, 290, 272, 274, 268, 275, 277, 274
343, 261, 273, 261, 393, 391, 272, 271, 281, 283, 270, 271, 275, 261, 280, 275, 274
364, 272, 276, 263, 400, 395, 284, 278, 292, 302, 303, 278, 282, 272, 292, 286, 276
