2123, 2123, 2125, 2138, 2144, 2144, 2156
2092, 2094, 2092, 2092, 2119, 2119, 2146
2101, 2101, 2105, 2105, 2104, 2104, 2158
2109, 2113, 2118, 2130, 2131, 2131, 2121
2109, 2116, 2112, 2116, 2138, 2138, 2110
2116, 2118, 2137, 2128, 2146, 2146, 2128
2121, 2121, 2121, 2133, 2124, 2142, 2162
2102, 2105, 2126, 2120, 2131, 2131, 2163
2124, 2124, 2131, 2132, 2159, 2173, 2159
2099, 2099, 2112, 2104, 2123, 2123, 2145
2084, 2086, 2088, 2088, 2123, 2123, 2178
2107, 2116, 2115, 2115, 2129, 2163, 2165
2106, 2106, 2114, 2111, 2140, 2140, 2146
2124, 2127, 2127, 2139, 2160, 2160, 2136
2120, 2125, 2134, 2129, 2125, 2125, 2129
2126, 2130, 2141, 2137, 2151, 2151, 2147
2108, 2120, 2130, 2138, 2141, 2141, 2166
2106, 2117, 2114, 2113, 2155, 2155, 2141
2090, 2096, 2113, 2122, 2118, 2127, 2152
2103, 2111, 2131, 2119, 2128, 2159, 2120
2091, 2094, 2100, 2110, 2139, 2181, 2166
2119, 2129, 2135, 2128, 2137, 2139, 2161
2123, 2136, 2123, 2142, 2134, 2134, 2150
2121, 2121, 2137, 2130, 2148, 2156, 2167
2108, 2108, 2108, 2128, 2134, 2134, 2163
2110, 2117, 2116, 2149, 2171, 2171, 2181
2115, 2133, 2115, 2127, 2125, 2125, 2149
2105, 2105, 2112, 2116, 2113, 2159, 2153
2109, 2110, 2113, 2132, 2168, 2172, 2137
2112, 2112, 2130, 2140, 2179, 2179, 2124
2112, 2122, 2118, 2122, 2129, 2142, 2166
2102, 2112, 2112, 2110, 2126, 2126, 2147
2113, 2120, 2118, 2121, 2131, 2131, 2158
2126, 2129, 2128, 2142, 2155, 2167, 2141
2117, 2121, 2121, 2134, 2130, 2130, 2126
2108, 2108, 2126, 2132, 2163, 2179, 2117
2086, 2086, 2088, 2095, 2089, 2151, 2169
2099, 2103, 2099, 2102, 2099, 2099, 2146
2100, 2100, 2111, 2120, 2115, 2115, 2150
2111, 2112, 2116, 2117, 2132, 2166, 2122
2108, 2109, 2120, 2129, 2127, 2127, 2151
2118, 2118, 2122, 2154, 2130, 2130, 2168
2121, 2135, 2126, 2142, 2148, 2148, 2136
2115, 2122, 2124, 2124, 2128, 2128, 2120
2112, 2119, 2119, 2117, 2127, 2127, 2133
2122, 2126, 2136, 2130, 2157, 2157, 2139
2112, 2113, 2132, 2114, 2127, 2127, 2166
2096, 2099, 2116, 2113, 2115, 2115, 2112
2113, 2114, 2123, 2127, 2152, 2159, 2123
2111, 2125, 2119, 2111, 2148, 2148, 2142
2115, 2121, 2121, 2127, 2115, 2128, 2154
2110, 2117, 2112, 2119, 2131, 2169, 2141
2118, 2129, 2125, 2129, 2151, 2172, 2172
2118, 2126, 2138, 2118, 2126, 2139, 2150
2117, 2120, 2119, 2119, 2154, 2175, 2147
2091, 2094, 2094, 2107, 2137, 2137, 2165
2100, 2106, 2102, 2130, 2121, 2121, 2156
2112, 2114, 2126, 2134, 2114, 2114, 2126
2113, 2113, 2120, 2126, 2141, 2141, 2166
2122, 2133, 2122, 2124, 2157, 2171, 2163
2106, 2118, 2118, 2106, 2134, 2134, 2143
2111, 2111, 2119, 2139, 2139, 2139, 2159
2106, 2108, 2115, 2114, 2127, 2127, 2121
2092, 2096, 2092, 2103, 2113, 2113, 2111
2117, 2136, 2123, 2127, 2118, 2122, 2142
2110, 2115, 2124, 2110, 2132, 2183, 2159
2118, 2125, 2119, 2145, 2136, 2153, 2183
2116, 2123, 2129, 2129, 2134, 2134, 2129
2125, 2126, 2126, 2125, 2154, 2157, 2151
2105, 2117, 2116, 2116, 2133, 2149, 2163
2121, 2125, 2129, 2134, 2131, 2131, 2151
2118, 2126, 2135, 2135, 2160, 2160, 2156
2103, 2103, 2103, 2108, 2135, 2153, 2141
2111, 2113, 2131, 2131, 2138, 2144, 2117
2112, 2112, 2112, 2113, 2113, 2113, 2140
2097, 2097, 2100, 2100, 2125, 2125, 2125
2115, 2126, 2144, 2139, 2122, 2154, 2137
2108, 2112, 2130, 2140, 2139, 2139, 2169
2120, 2126, 2137, 2157, 2157, 2157, 2154
2124, 2124, 2130, 2137, 2130, 2157, 2146
2088, 2088, 2106, 2088, 2123, 2149, 2131
2116, 2117, 2122, 2122, 2139, 2139, 2155
2119, 2123, 2119, 2151, 2121, 2163, 2153
2108, 2110, 2113, 2113, 2126, 2166, 2129
2121, 2125, 2133, 2140, 2130, 2151, 2125
2103, 2103, 2110, 2106, 2131, 2163, 2143
2109, 2111, 2120, 2136, 2130, 2130, 2124
2095, 2095, 2095, 2095, 2106, 2106, 2126
2093, 2093, 2093, 2138, 2133, 2142, 2158
2103, 2105, 2107, 2112, 2129, 2139, 2135
2109, 2117, 2126, 2128, 2126, 2126, 2149
2108, 2110, 2117, 2112, 2109, 2136, 2108
2112, 2118, 2118, 2124, 2125, 2125, 2160
2128, 2138, 2141, 2147, 2145, 2156, 2188
2109, 2125, 2109, 2123, 2132, 2139, 2143
2085, 2085, 2094, 2099, 2130, 2150, 2157
2101, 2104, 2111, 2101, 2143, 2143, 2119
2102, 2106, 2114, 2121, 2122, 2122, 2144
2104, 2108, 2111, 2117, 2111, 2111, 2112
2111, 2111, 2115, 2112, 2148, 2153, 2182
