2109, 2117, 2126, 2134, 2117, 2137, 2142
2098, 2110, 2098, 2106, 2146, 2113, 2159
2117, 2117, 2128, 2136, 2135, 2142, 2164
2105, 2113, 2113, 2128, 2121, 2178, 2150
2112, 2121, 2124, 2118, 2124, 2134, 2145
2118, 2125, 2128, 2136, 2133, 2149, 2195
2106, 2109, 2110, 2127, 2136, 2111, 2125
2110, 2110, 2123, 2121, 2135, 2179, 2144
2109, 2109, 2109, 2125, 2126, 2136, 2157
2107, 2107, 2107, 2123, 2127, 2129, 2177
2098, 2098, 2098, 2101, 2137, 2126, 2191
2128, 2130, 2134, 2134, 2143, 2152, 2146
2128, 2128, 2144, 2144, 2144, 2163, 2147
2097, 2102, 2103, 2103, 2098, 2170, 2141
2101, 2102, 2108, 2124, 2116, 2110, 2114
2104, 2105, 2114, 2125, 2135, 2115, 2121
2110, 2110, 2112, 2127, 2139, 2148, 2126
2121, 2136, 2140, 2129, 2138, 2168, 2152
2127, 2141, 2127, 2139, 2127, 2180, 2159
2108, 2116, 2114, 2128, 2125, 2153, 2152
2106, 2115, 2119, 2121, 2131, 2115, 2166
2114, 2121, 2127, 2127, 2122, 2183, 2143
2091, 2105, 2091, 2126, 2135, 2119, 2129
2107, 2115, 2107, 2130, 2115, 2178, 2134
2105, 2121, 2106, 2111, 2122, 2145, 2130
2106, 2109, 2122, 2113, 2119, 2177, 2141
2099, 2101, 2104, 2102, 2120, 2164, 2135
2112, 2112, 2119, 2124, 2156, 2142, 2134
2097, 2104, 2105, 2113, 2132, 2144, 2165
2118, 2124, 2118, 2125, 2133, 2135, 2128
2109, 2116, 2121, 2121, 2176, 2122, 2187
2118, 2129, 2129, 2137, 2148, 2143, 2175
2123, 2131, 2137, 2127, 2146, 2173, 2174
2122, 2132, 2132, 2131, 2142, 2156, 2132
2112, 2131, 2118, 2139, 2147, 2162, 2157
2105, 2118, 2118, 2131, 2124, 2116, 2130
2118, 2123, 2140, 2128, 2142, 2166, 2149
2124, 2124, 2135, 2129, 2135, 2176, 2156
2109, 2116, 2120, 2131, 2116, 2129, 2111
2122, 2122, 2134, 2130, 2136, 2158, 2163
2111, 2118, 2114, 2129, 2136, 2146, 2161
2106, 2106, 2113, 2130, 2106, 2157, 2156
2111, 2120, 2130, 2135, 2141, 2111, 2189
2103, 2103, 2110, 2115, 2133, 2137, 2138
2104, 2104, 2104, 2121, 2118, 2142, 2114
2128, 2141, 2139, 2145, 2139, 2187, 2162
2089, 2089, 2094, 2091, 2105, 2103, 2125
2124, 2138, 2124, 2136, 2146, 2136, 2166
2103, 2103, 2109, 2117, 2155, 2120, 2131
2112, 2120, 2126, 2134, 2126, 2148, 2142
2118, 2130, 2120, 2118, 2145, 2130, 2151
2104, 2104, 2116, 2108, 2135, 2129, 2121
2101, 2104, 2102, 2117, 2126, 2144, 2127
2116, 2130, 2134, 2136, 2130, 2136, 2168
2111, 2111, 2127, 2140, 2145, 2160, 2153
2103, 2103, 2118, 2114, 2114, 2164, 2116
2096, 2100, 2100, 2109, 2138, 2125, 2157
2110, 2123, 2123, 2110, 2147, 2169, 2136
2117, 2117, 2137, 2151, 2174, 2154, 2154
2105, 2105, 2105, 2132, 2145, 2145, 2149
2119, 2128, 2131, 2140, 2149, 2164, 2144
2114, 2114, 2126, 2127, 2137, 2141, 2182
2130, 2130, 2138, 2140, 2133, 2170, 2161
2120, 2120, 2134, 2133, 2148, 2127, 2168
2119, 2123, 2125, 2131, 2141, 2147, 2134
2114, 2130, 2132, 2137, 2135, 2185, 2138
2105, 2105, 2105, 2124, 2130, 2152, 2208
2113, 2114, 2116, 2114, 2148, 2132, 2155
2099, 2099, 2103, 2136, 2134, 2134, 2108
2081, 2089, 2093, 2099, 2092, 2106, 2120
2102, 2102, 2106, 2120, 2133, 2113, 2140
2094, 2096, 2101, 2110, 2100, 2101, 2125
2119, 2120, 2119, 2129, 2144, 2170, 2132
2119, 2119, 2130, 2132, 2147, 2156, 2141
2104, 2105, 2104, 2124, 2124, 2190, 2119
2109, 2109, 2109, 2137, 2164, 2152, 2137
2113, 2116, 2140, 2147, 2147, 2145, 2164
2116, 2129, 2116, 2154, 2131, 2142, 2175
2113, 2118, 2113, 2118, 2140, 2165, 2169
2121, 2130, 2127, 2132, 2130, 2133, 2155
2113, 2113, 2116, 2138, 2161, 2138, 2134
2109, 2116, 2118, 2115, 2137, 2140, 2146
2095, 2095, 2110, 2095, 2113, 2161, 2149
2124, 2128, 2133, 2128, 2157, 2167, 2151
2095, 2095, 2102, 2134, 2103, 2102, 2135
2112, 2116, 2112, 2134, 2149, 2121, 2164
2108, 2113, 2124, 2142, 2112, 2166, 2144
2105, 2112, 2118, 2112, 2136, 2105, 2138
2087, 2090, 2102, 2087, 2134, 2122, 2142
2116, 2128, 2122, 2131, 2166, 2139, 2175
2107, 2114, 2123, 2139, 2113, 2143, 2160
2112, 2117, 2117, 2122, 2131, 2117, 2133
2127, 2130, 2141, 2142, 2133, 2131, 2149
2107, 2121, 2126, 2123, 2153, 2153, 2138
2098, 2113, 2117, 2130, 2105, 2138, 2120
2112, 2113, 2118, 2118, 2128, 2150, 2130
2093, 2093, 2110, 2102, 2114, 2157, 2111
2107, 2113, 2120, 2107, 2127, 2146, 2146
2076, 2076, 2076, 2108, 2109, 2170, 2146
2119, 2122, 2132, 2127, 2133, 2178, 2123
2117, 2117, 2133, 2118, 2147, 2149, 2147
2100, 2114, 2121, 2113, 2143, 2153, 2114
2113, 2113, 2113, 2120, 2131, 2129, 2162
2109, 2129, 2109, 2135, 2132, 2147, 2126
2116, 2127, 2126, 2141, 2129, 2129, 2128
2095, 2107, 2109, 2110, 2114, 2114, 2130
2112, 2117, 2132, 2134, 2131, 2120, 2108
2096, 2097, 2101, 2113, 2103, 2096, 2156
2085, 2085, 2085, 2122, 2110, 2127, 2109
2109, 2122, 2118, 2149, 2136, 2160, 2137
2116, 2117, 2121, 2133, 2146, 2175, 2150
2082, 2082, 2127, 2127, 2139, 2161, 2148
2110, 2116, 2119, 2110, 2136, 2127, 2155
2104, 2104, 2113, 2115, 2109, 2124, 2147
2110, 2110, 2112, 2142, 2150, 2157, 2150
2113, 2114, 2113, 2141, 2144, 2161, 2140
2116, 2124, 2116, 2129, 2157, 2138, 2132
2110, 2110, 2113, 2123, 2110, 2151, 2137
2128, 2134, 2133, 2128, 2156, 2153, 2133
2126, 2135, 2132, 2131, 2141, 2152, 2126
2091, 2111, 2094, 2105, 2104, 2133, 2123
2122, 2128, 2136, 2133, 2155, 2140, 2185
2118, 2131, 2134, 2143, 2146, 2147, 2140
2104, 2105, 2105, 2105, 2162, 2142, 2159
2110, 2113, 2131, 2130, 2131, 2148, 2156
2106, 2109, 2108, 2106, 2142, 2127, 2146
2108, 2116, 2114, 2116, 2116, 2141, 2146
2123, 2123, 2133, 2149, 2149, 2158, 2157
2113, 2115, 2113, 2131, 2153, 2161, 2135
2112, 2112, 2112, 2130, 2117, 2124, 2169
2085, 2096, 2102, 2085, 2109, 2124, 2199
2115, 2133, 2127, 2123, 2153, 2169, 2170
2110, 2118, 2118, 2134, 2141, 2119, 2124
2104, 2105, 2134, 2123, 2128, 2151, 2137
2093, 2104, 2096, 2110, 2158, 2142, 2137
2102, 2103, 2111, 2119, 2123, 2103, 2123
2094, 2097, 2098, 2104, 2130, 2120, 2142
2109, 2109, 2124, 2152, 2124, 2145, 2179
2105, 2121, 2121, 2110, 2138, 2126, 2147
2123, 2138, 2138, 2123, 2130, 2155, 2157
2129, 2140, 2129, 2141, 2173, 2190, 2160
2105, 2105, 2107, 2118, 2105, 2127, 2155
2115, 2126, 2118, 2126, 2118, 2154, 2174
2131, 2133, 2134, 2135, 2154, 2166, 2160
2092, 2106, 2092, 2140, 2113, 2121, 2143
2110, 2122, 2128, 2132, 2137, 2152, 2190
2119, 2120, 2119, 2125, 2121, 2158, 2133
2094, 2096, 2100, 2098, 2102, 2102, 2167
2111, 2118, 2124, 2138, 2150, 2153, 2138
2115, 2119, 2122, 2124, 2122, 2158, 2150
2111, 2127, 2125, 2130, 2135, 2164, 2150
2125, 2130, 2135, 2135, 2148, 2157, 2143
2093, 2095, 2095, 2094, 2139, 2170, 2110
2091, 2091, 2099, 2098, 2160, 2120, 2151
2118, 2126, 2127, 2123, 2147, 2151, 2150
2119, 2136, 2136, 2149, 2157, 2168, 2170
2099, 2108, 2114, 2121, 2115, 2108, 2134
2104, 2114, 2105, 2114, 2134, 2128, 2163
2131, 2132, 2148, 2140, 2171, 2140, 2159
2116, 2131, 2131, 2148, 2138, 2181, 2154
2113, 2116, 2129, 2136, 2144, 2155, 2174
2098, 2098, 2105, 2119, 2115, 2126, 2143
2111, 2112, 2119, 2140, 2123, 2127, 2167
2099, 2112, 2116, 2113, 2120, 2149, 2099
2120, 2125, 2124, 2132, 2125, 2146, 2157
2102, 2102, 2114, 2125, 2146, 2114, 2156
2117, 2123, 2117, 2131, 2130, 2147, 2131
2106, 2106, 2106, 2138, 2160, 2138, 2144
2121, 2125, 2125, 2144, 2163, 2157, 2127
2110, 2118, 2133, 2149, 2153, 2144, 2157
2120, 2127, 2131, 2136, 2135, 2143, 2172
2115, 2127, 2126, 2128, 2164, 2133, 2136
2117, 2117, 2127, 2119, 2132, 2135, 2149
2111, 2111, 2124, 2138, 2146, 2138, 2135
2121, 2138, 2127, 2121, 2123, 2150, 2129
2106, 2116, 2121, 2106, 2149, 2170, 2117
2101, 2111, 2111, 2119, 2138, 2120, 2147
2107, 2114, 2116, 2117, 2132, 2118, 2134
2098, 2105, 2100, 2104, 2137, 2135, 2174
2113, 2116, 2123, 2157, 2164, 2155, 2175
2119, 2126, 2119, 2147, 2130, 2160, 2150
2108, 2128, 2109, 2120, 2163, 2143, 2173
2113, 2124, 2130, 2128, 2136, 2150, 2141
2096, 2098, 2098, 2102, 2146, 2098, 2149
2107, 2112, 2115, 2112, 2129, 2115, 2152
2110, 2115, 2115, 2127, 2135, 2137, 2114
2117, 2121, 2131, 2131, 2140, 2137, 2165
2112, 2117, 2140, 2117, 2139, 2150, 2158
2112, 2112, 2130, 2146, 2158, 2137, 2136
2101, 2104, 2116, 2106, 2136, 2163, 2135
2107, 2114, 2107, 2123, 2127, 2149, 2200
2112, 2112, 2117, 2116, 2152, 2133, 2164
2112, 2113, 2117, 2126, 2133, 2125, 2171
2099, 2099, 2109, 2116, 2148, 2122, 2143
2109, 2124, 2114, 2125, 2114, 2157, 2123
2115, 2119, 2129, 2119, 2133, 2132, 2135
2106, 2106, 2117, 2106, 2156, 2124, 2135
2119, 2125, 2134, 2133, 2148, 2148, 2169
2092, 2095, 2097, 2095, 2132, 2141, 2103
2119, 2128, 2128, 2128, 2134, 2141, 2173
2100, 2100, 2119, 2114, 2114, 2134, 2112
2102, 2103, 2108, 2103, 2141, 2135, 2132
2111, 2111, 2113, 2116, 2126, 2133, 2133
2114, 2131, 2121, 2149, 2149, 2140, 2184
2117, 2121, 2129, 2135, 2123, 2136, 2173
2118, 2128, 2121, 2128, 2141, 2141, 2133
2105, 2105, 2107, 2124, 2105, 2128, 2125
2118, 2125, 2129, 2125, 2125, 2164, 2160
2090, 2090, 2101, 2096, 2127, 2130, 2135
2091, 2105, 2106, 2091, 2126, 2157, 2108
2122, 2122, 2133, 2138, 2167, 2163, 2152
2107, 2118, 2125, 2125, 2138, 2150, 2161
2120, 2124, 2132, 2135, 2147, 2139, 2217
2111, 2114, 2133, 2117, 2146, 2125, 2166
2125, 2129, 2145, 2145, 2156, 2154, 2155
2115, 2118, 2122, 2115, 2118, 2140, 2162
2117, 2119, 2126, 2126, 2159, 2162, 2155
2118, 2123, 2120, 2118, 2135, 2146, 2165
2117, 2125, 2133, 2140, 2146, 2146, 2169
2120, 2124, 2144, 2137, 2147, 2143, 2152
2113, 2113, 2115, 2134, 2139, 2136, 2152
2114, 2117, 2120, 2121, 2144, 2129, 2163
2117, 2129, 2130, 2142, 2142, 2171, 2141
2136, 2138, 2136, 2149, 2156, 2173, 2147
2098, 2098, 2098, 2120, 2105, 2147, 2164
2088, 2091, 2108, 2089, 2129, 2158, 2150
2102, 2103, 2115, 2102, 2115, 2127, 2125
2104, 2113, 2114, 2111, 2135, 2165, 2127
2102, 2103, 2119, 2125, 2112, 2130, 2129
2115, 2134, 2124, 2129, 2156, 2131, 2154
2101, 2101, 2118, 2115, 2128, 2114, 2157
2107, 2107, 2107, 2120, 2129, 2148, 2156
2115, 2121, 2125, 2122, 2136, 2139, 2150
2114, 2122, 2125, 2114, 2123, 2143, 2160
2123, 2126, 2123, 2134, 2143, 2127, 2168
2118, 2118, 2119, 2133, 2132, 2147, 2137
2105, 2105, 2107, 2105, 2142, 2135, 2150
2111, 2111, 2111, 2117, 2145, 2181, 2161
2097, 2102, 2102, 2112, 2102, 2173, 2137
2120, 2127, 2132, 2130, 2150, 2133, 2178
2112, 2112, 2124, 2128, 2158, 2136, 2162
2110, 2121, 2111, 2129, 2125, 2137, 2126
2111, 2117, 2111, 2142, 2146, 2160, 2177
2118, 2129, 2122, 2139, 2139, 2134, 2171
2127, 2131, 2127, 2127, 2151, 2127, 2149
2096, 2111, 2097, 2111, 2126, 2139, 2173
2113, 2114, 2120, 2127, 2114, 2152, 2137
2109, 2109, 2114, 2109, 2113, 2184, 2123
2075, 2075, 2075, 2076, 2083, 2160, 2138
2115, 2123, 2130, 2124, 2131, 2154, 2139
2125, 2132, 2141, 2137, 2136, 2135, 2162
2096, 2109, 2110, 2109, 2123, 2096, 2125
2134, 2141, 2134, 2134, 2158, 2163, 2171
2113, 2113, 2127, 2142, 2122, 2165, 2157
2107, 2109, 2109, 2111, 2150, 2151, 2126
2105, 2109, 2108, 2132, 2143, 2151, 2148
2116, 2117, 2120, 2122, 2123, 2151, 2124
2097, 2098, 2102, 2114, 2117, 2164, 2154
2100, 2100, 2117, 2122, 2138, 2128, 2132
2106, 2118, 2113, 2120, 2155, 2132, 2118
2116, 2116, 2128, 2130, 2140, 2190, 2137
2110, 2128, 2119, 2140, 2154, 2134, 2129
2124, 2124, 2136, 2145, 2178, 2152, 2134
2127, 2127, 2130, 2137, 2154, 2169, 2162
2116, 2126, 2116, 2131, 2138, 2145, 2143
2109, 2113, 2118, 2131, 2124, 2150, 2125
2124, 2128, 2141, 2142, 2136, 2148, 2182
2123, 2134, 2131, 2141, 2141, 2150, 2148
2129, 2135, 2132, 2131, 2150, 2137, 2138
2105, 2120, 2105, 2108, 2134, 2135, 2136
2116, 2117, 2132, 2117, 2144, 2165, 2135
2105, 2105, 2121, 2133, 2115, 2120, 2128
2082, 2084, 2082, 2084, 2113, 2144, 2119
2115, 2115, 2115, 2129, 2151, 2134, 2148
2112, 2112, 2120, 2122, 2122, 2149, 2129
2107, 2124, 2124, 2136, 2140, 2136, 2143
2113, 2122, 2128, 2129, 2129, 2150, 2133
2113, 2122, 2119, 2122, 2144, 2155, 2128
2099, 2104, 2121, 2126, 2143, 2131, 2158
2104, 2104, 2124, 2147, 2124, 2134, 2139
2104, 2104, 2105, 2105, 2109, 2139, 2116
2124, 2124, 2124, 2149, 2157, 2124, 2215
2113, 2120, 2131, 2122, 2132, 2145, 2129
2106, 2123, 2124, 2124, 2168, 2130, 2156
2121, 2132, 2123, 2141, 2165, 2171, 2140
2125, 2127, 2139, 2136, 2132, 2134, 2139
2109, 2121, 2126, 2142, 2144, 2148, 2137
2113, 2113, 2139, 2131, 2134, 2167, 2151
2110, 2110, 2120, 2118, 2164, 2130, 2180
2118, 2129, 2125, 2129, 2149, 2150, 2149
2115, 2119, 2115, 2139, 2140, 2142, 2149
2112, 2113, 2123, 2115, 2125, 2157, 2142
2100, 2100, 2104, 2120, 2104, 2192, 2115
2111, 2113, 2121, 2128, 2141, 2128, 2156
2097, 2098, 2111, 2103, 2119, 2124, 2101
2115, 2116, 2120, 2118, 2116, 2122, 2114
2105, 2116, 2106, 2128, 2163, 2146, 2156
2106, 2127, 2133, 2120, 2142, 2152, 2153
2114, 2115, 2134, 2117, 2120, 2132, 2185
2128, 2135, 2137, 2143, 2132, 2132, 2171
2100, 2100, 2122, 2107, 2138, 2188, 2146
2109, 2109, 2124, 2145, 2128, 2152, 2130
2096, 2101, 2100, 2100, 2104, 2119, 2099
2114, 2130, 2116, 2114, 2149, 2114, 2142
2115, 2122, 2122, 2133, 2140, 2134, 2140
2100, 2110, 2106, 2108, 2137, 2134, 2183
2122, 2129, 2122, 2133, 2137, 2146, 2160
2110, 2110, 2131, 2126, 2132, 2127, 2154
2111, 2118, 2111, 2123, 2153, 2143, 2132
2100, 2101, 2101, 2101, 2118, 2135, 2126
2107, 2114, 2107, 2107, 2125, 2135, 2148
2102, 2102, 2102, 2121, 2140, 2200, 2102
2106, 2116, 2116, 2128, 2122, 2145, 2141
2108, 2111, 2111, 2130, 2140, 2138, 2170
2129, 2132, 2133, 2145, 2145, 2152, 2189
2107, 2124, 2121, 2132, 2159, 2139, 2162
2105, 2105, 2105, 2109, 2126, 2128, 2196
2107, 2118, 2123, 2107, 2125, 2115, 2137
2112, 2120, 2139, 2113, 2120, 2153, 2126
2099, 2118, 2099, 2118, 2138, 2145, 2147
2113, 2118, 2128, 2138, 2124, 2159, 2154
2109, 2120, 2120, 2111, 2120, 2151, 2136
2100, 2101, 2113, 2116, 2129, 2121, 2125
2114, 2131, 2127, 2133, 2129, 2153, 2120
2117, 2120, 2137, 2128, 2123, 2131, 2129
2099, 2105, 2110, 2116, 2107, 2116, 2156
2108, 2113, 2120, 2108, 2135, 2141, 2132
2105, 2105, 2116, 2125, 2131, 2197, 2154
2106, 2110, 2107, 2120, 2130, 2143, 2114
2123, 2138, 2132, 2129, 2150, 2170, 2151
2095, 2095, 2098, 2098, 2134, 2153, 2161
2098, 2105, 2122, 2126, 2123, 2144, 2132
2107, 2108, 2118, 2108, 2141, 2149, 2133
2123, 2132, 2130, 2152, 2142, 2139, 2122
2116, 2122, 2122, 2123, 2133, 2183, 2166
2121, 2134, 2128, 2128, 2134, 2158, 2121
2098, 2102, 2117, 2121, 2112, 2105, 2118
2099, 2114, 2113, 2113, 2138, 2172, 2116
2119, 2120, 2122, 2131, 2132, 2138, 2137
2119, 2122, 2135, 2121, 2172, 2167, 2155
2101, 2103, 2111, 2114, 2106, 2110, 2108
2104, 2117, 2112, 2113, 2117, 2135, 2150
2107, 2113, 2109, 2107, 2119, 2156, 2189
2086, 2094, 2094, 2096, 2130, 2169, 2104
2092, 2093, 2092, 2117, 2093, 2124, 2139
2124, 2136, 2144, 2136, 2157, 2171, 2160
2104, 2107, 2116, 2110, 2151, 2153, 2154
2126, 2134, 2128, 2127, 2141, 2127, 2152
2110, 2114, 2110, 2149, 2130, 2139, 2140
2079, 2081, 2085, 2108, 2104, 2127, 2102
2120, 2126, 2134, 2150, 2154, 2161, 2177
2104, 2106, 2106, 2119, 2112, 2157, 2119
2126, 2133, 2129, 2133, 2175, 2141, 2161
2108, 2112, 2108, 2123, 2126, 2127, 2157
2118, 2128, 2124, 2134, 2142, 2134, 2136
2090, 2095, 2104, 2096, 2117, 2144, 2131
2126, 2127, 2126, 2126, 2139, 2135, 2135
2103, 2103, 2103, 2130, 2133, 2131, 2141
2110, 2117, 2117, 2125, 2139, 2134, 2131
2092, 2093, 2100, 2095, 2133, 2114, 2110
2079, 2080, 2085, 2079, 2127, 2114, 2093
2101, 2101, 2101, 2127, 2101, 2158, 2139
2121, 2130, 2137, 2141, 2141, 2144, 2185
2099, 2106, 2104, 2111, 2125, 2145, 2128
2100, 2122, 2100, 2123, 2109, 2186, 2153
2096, 2103, 2103, 2120, 2106, 2134, 2129
2119, 2119, 2125, 2125, 2125, 2169, 2156
2129, 2129, 2145, 2133, 2160, 2151, 2185
2102, 2102, 2102, 2102, 2143, 2143, 2135
2115, 2123, 2122, 2117, 2115, 2160, 2167
2121, 2126, 2136, 2136, 2128, 2129, 2145
2101, 2101, 2117, 2111, 2144, 2147, 2142
2111, 2134, 2111, 2137, 2137, 2141, 2161
2119, 2132, 2128, 2133, 2131, 2168, 2187
2105, 2110, 2127, 2109, 2143, 2137, 2151
2107, 2109, 2107, 2115, 2144, 2123, 2138
2123, 2123, 2133, 2137, 2146, 2133, 2167
2099, 2113, 2121, 2126, 2106, 2118, 2134
2109, 2115, 2115, 2134, 2128, 2136, 2150
2090, 2091, 2090, 2098, 2161, 2131, 2155
2128, 2128, 2140, 2147, 2145, 2166, 2153
2093, 2109, 2115, 2127, 2095, 2147, 2156
2094, 2103, 2100, 2111, 2127, 2119, 2128
2097, 2097, 2097, 2097, 2138, 2147, 2137
2114, 2129, 2131, 2132, 2124, 2161, 2170
2115, 2115, 2115, 2116, 2124, 2128, 2148
2086, 2086, 2112, 2089, 2144, 2132, 2104
2120, 2127, 2137, 2134, 2164, 2151, 2145
2107, 2107, 2113, 2118, 2133, 2136, 2120
2127, 2135, 2138, 2135, 2149, 2148, 2133
2110, 2110, 2124, 2140, 2151, 2128, 2140
2097, 2097, 2112, 2120, 2147, 2108, 2102
2125, 2125, 2137, 2137, 2133, 2155, 2137
2116, 2116, 2124, 2126, 2129, 2139, 2195
2123, 2133, 2132, 2131, 2144, 2157, 2129
2122, 2122, 2132, 2148, 2127, 2123, 2156
2095, 2104, 2101, 2109, 2104, 2170, 2123
2128, 2133, 2133, 2133, 2148, 2150, 2147
2096, 2097, 2097, 2099, 2142, 2136, 2109
2099, 2110, 2117, 2118, 2099, 2127, 2135
2119, 2120, 2120, 2134, 2122, 2135, 2120
2096, 2097, 2101, 2110, 2105, 2149, 2179
2109, 2109, 2117, 2118, 2119, 2129, 2116
2123, 2123, 2134, 2132, 2143, 2175, 2145
2122, 2123, 2122, 2145, 2163, 2123, 2179
2112, 2112, 2123, 2117, 2125, 2177, 2152
2114, 2118, 2129, 2129, 2150, 2164, 2159
2103, 2103, 2141, 2116, 2112, 2107, 2169
2128, 2137, 2139, 2133, 2146, 2190, 2163
2111, 2123, 2111, 2117, 2144, 2176, 2156
2095, 2121, 2096, 2109, 2139, 2121, 2114
2116, 2122, 2123, 2128, 2136, 2134, 2163
2116, 2125, 2136, 2123, 2147, 2165, 2135
2112, 2119, 2125, 2114, 2157, 2127, 2128
2113, 2114, 2139, 2144, 2165, 2163, 2161
2109, 2112, 2123, 2133, 2141, 2111, 2159
2099, 2099, 2119, 2126, 2139, 2109, 2145
2116, 2129, 2116, 2135, 2134, 2147, 2168
2112, 2120, 2113, 2121, 2135, 2125, 2161
2095, 2101, 2118, 2124, 2112, 2138, 2165
2090, 2090, 2096, 2106, 2132, 2150, 2102
2096, 2096, 2096, 2098, 2158, 2186, 2160
2121, 2122, 2130, 2143, 2164, 2170, 2154
2091, 2106, 2093, 2091, 2098, 2144, 2139
2111, 2116, 2124, 2124, 2128, 2147, 2167
2109, 2109, 2137, 2120, 2131, 2141, 2129
2100, 2114, 2101, 2101, 2109, 2147, 2149
2121, 2121, 2129, 2150, 2164, 2172, 2161
2099, 2100, 2099, 2120, 2108, 2139, 2180
2106, 2106, 2108, 2117, 2117, 2126, 2177
2095, 2095, 2109, 2120, 2133, 2135, 2159
2116, 2117, 2119, 2135, 2133, 2130, 2129
2114, 2121, 2116, 2135, 2146, 2148, 2126
2117, 2117, 2141, 2118, 2125, 2118, 2144
2118, 2123, 2136, 2143, 2120, 2159, 2132
2119, 2127, 2127, 2129, 2126, 2119, 2144
2122, 2133, 2122, 2139, 2139, 2134, 2135
2124, 2128, 2128, 2128, 2148, 2130, 2131
2120, 2124, 2124, 2126, 2130, 2141, 2173
2128, 2133, 2128, 2130, 2135, 2139, 2191
2122, 2122, 2131, 2137, 2153, 2194, 2157
2104, 2136, 2131, 2136, 2156, 2175, 2169
2118, 2119, 2119, 2118, 2149, 2136, 2143
2114, 2120, 2130, 2125, 2130, 2128, 2144
2113, 2121, 2133, 2130, 2153, 2164, 2179
2108, 2108, 2122, 2125, 2139, 2152, 2141
2107, 2119, 2118, 2142, 2138, 2163, 2154
2112, 2112, 2140, 2112, 2135, 2122, 2148
2115, 2117, 2118, 2118, 2170, 2144, 2161
2103, 2103, 2107, 2134, 2107, 2187, 2155
2113, 2116, 2128, 2129, 2131, 2140, 2166
2116, 2116, 2127, 2117, 2153, 2158, 2134
2109, 2115, 2109, 2122, 2129, 2135, 2161
2115, 2121, 2128, 2142, 2146, 2145, 2129
2098, 2102, 2098, 2108, 2098, 2160, 2121
2108, 2108, 2113, 2119, 2132, 2169, 2171
2128, 2128, 2135, 2130, 2148, 2188, 2158
2116, 2131, 2122, 2135, 2153, 2166, 2177
2113, 2113, 2125, 2130, 2124, 2145, 2137
2103, 2112, 2112, 2125, 2131, 2164, 2166
2106, 2106, 2106, 2129, 2134, 2144, 2181
2117, 2121, 2123, 2124, 2132, 2119, 2136
2095, 2123, 2101, 2105, 2128, 2127, 2133
2117, 2134, 2132, 2151, 2139, 2146, 2172
2106, 2110, 2126, 2114, 2114, 2171, 2157
2114, 2114, 2117, 2135, 2144, 2155, 2137
2115, 2122, 2121, 2134, 2154, 2150, 2144
2116, 2128, 2116, 2127, 2142, 2138, 2139
2106, 2106, 2106, 2110, 2137, 2154, 2170
2098, 2105, 2121, 2122, 2158, 2128, 2128
2105, 2111, 2105, 2119, 2111, 2144, 2139
2105, 2113, 2112, 2119, 2130, 2112, 2137
2124, 2124, 2134, 2144, 2158, 2149, 2163
2109, 2111, 2112, 2114, 2143, 2149, 2147
2098, 2099, 2129, 2102, 2136, 2137, 2138
2115, 2123, 2123, 2133, 2130, 2136, 2159
2117, 2120, 2129, 2133, 2143, 2159, 2158
2110, 2123, 2130, 2128, 2134, 2141, 2133
2111, 2124, 2134, 2118, 2141, 2133, 2148
2118, 2118, 2120, 2127, 2183, 2134, 2128
2116, 2117, 2127, 2125, 2167, 2143, 2165
2110, 2123, 2114, 2137, 2126, 2156, 2143
2112, 2119, 2117, 2127, 2137, 2120, 2138
2085, 2085, 2089, 2085, 2118, 2097, 2112
2115, 2129, 2118, 2133, 2137, 2149, 2145
2126, 2127, 2137, 2145, 2152, 2171, 2129
2125, 2137, 2135, 2152, 2150, 2168, 2139
2115, 2115, 2121, 2121, 2152, 2153, 2133
2119, 2127, 2129, 2132, 2122, 2152, 2169
2102, 2110, 2110, 2102, 2118, 2161, 2124
2125, 2133, 2149, 2136, 2153, 2144, 2168
2103, 2113, 2113, 2116, 2145, 2132, 2115
2103, 2105, 2114, 2118, 2129, 2129, 2140
2105, 2105, 2109, 2122, 2119, 2114, 2133
2102, 2110, 2118, 2110, 2134, 2125, 2125
2116, 2119, 2124, 2145, 2124, 2166, 2131
2085, 2090, 2098, 2109, 2090, 2098, 2151
2123, 2124, 2134, 2126, 2149, 2150, 2174
2097, 2097, 2097, 2126, 2099, 2111, 2107
2117, 2131, 2132, 2134, 2126, 2119, 2148
2097, 2106, 2119, 2112, 2127, 2111, 2111
2076, 2077, 2093, 2099, 2108, 2144, 2142
2102, 2108, 2115, 2108, 2145, 2136, 2132
2115, 2115, 2136, 2142, 2120, 2173, 2134
2110, 2118, 2120, 2131, 2162, 2120, 2145
2121, 2128, 2125, 2126, 2150, 2128, 2153
2114, 2114, 2126, 2128, 2148, 2137, 2167
2127, 2138, 2138, 2131, 2150, 2165, 2153
2102, 2114, 2119, 2142, 2133, 2131, 2160
2104, 2105, 2104, 2117, 2110, 2133, 2164
2110, 2120, 2124, 2128, 2145, 2136, 2154
2111, 2123, 2124, 2111, 2144, 2129, 2153
2110, 2135, 2135, 2135, 2135, 2143, 2144
2121, 2132, 2132, 2144, 2142, 2126, 2144
2123, 2125, 2123, 2123, 2145, 2159, 2123
2121, 2126, 2132, 2130, 2154, 2169, 2148
2123, 2123, 2135, 2146, 2172, 2163, 2140
2112, 2118, 2128, 2123, 2141, 2152, 2128
2118, 2120, 2130, 2133, 2145, 2143, 2181
2114, 2123, 2116, 2136, 2152, 2168, 2169
2106, 2126, 2133, 2146, 2141, 2175, 2130
2104, 2105, 2113, 2106, 2167, 2151, 2153
2081, 2081, 2082, 2083, 2149, 2081, 2095
2093, 2093, 2103, 2103, 2093, 2128, 2155
2113, 2113, 2113, 2114, 2144, 2119, 2128
2092, 2092, 2099, 2101, 2141, 2101, 2129
2121, 2125, 2122, 2126, 2133, 2153, 2139
2118, 2127, 2134, 2150, 2129, 2174, 2165
2100, 2117, 2121, 2103, 2139, 2120, 2144
2119, 2123, 2121, 2143, 2137, 2152, 2148
2103, 2108, 2113, 2119, 2121, 2118, 2174
2124, 2129, 2129, 2129, 2162, 2160, 2184
2111, 2121, 2127, 2130, 2153, 2153, 2151
2112, 2118, 2113, 2125, 2124, 2112, 2159
2106, 2107, 2119, 2106, 2120, 2120, 2133
2103, 2110, 2107, 2127, 2142, 2137, 2161
2133, 2133, 2138, 2133, 2168, 2147, 2150
2122, 2127, 2127, 2127, 2134, 2158, 2144
2123, 2137, 2126, 2144, 2144, 2152, 2172
2109, 2119, 2109, 2123, 2123, 2113, 2147
2110, 2116, 2131, 2135, 2134, 2146, 2110
2117, 2118, 2117, 2130, 2136, 2146, 2158
2105, 2109, 2117, 2135, 2118, 2150, 2149
2104, 2104, 2115, 2114, 2136, 2150, 2134
2110, 2115, 2118, 2127, 2142, 2149, 2153
2105, 2105, 2105, 2110, 2109, 2154, 2172
2113, 2126, 2125, 2136, 2144, 2155, 2156
2107, 2118, 2110, 2144, 2120, 2146, 2191
2122, 2122, 2129, 2152, 2140, 2163, 2190
2120, 2131, 2135, 2123, 2129, 2146, 2133
2116, 2116, 2127, 2141, 2146, 2153, 2170
2114, 2126, 2130, 2151, 2139, 2142, 2149
2095, 2095, 2105, 2112, 2166, 2130, 2106
2113, 2120, 2135, 2120, 2132, 2142, 2142
2114, 2130, 2114, 2130, 2133, 2144, 2154
2112, 2112, 2112, 2122, 2115, 2136, 2159
2103, 2103, 2126, 2111, 2104, 2140, 2106
2107, 2112, 2120, 2116, 2121, 2147, 2146
2118, 2122, 2130, 2134, 2118, 2144, 2158
2094, 2095, 2096, 2103, 2119, 2161, 2124
2095, 2105, 2107, 2095, 2095, 2128, 2126
2120, 2128, 2133, 2122, 2172, 2162, 2114
2106, 2122, 2117, 2127, 2143, 2150, 2154
2094, 2094, 2095, 2101, 2105, 2136, 2169
2108, 2109, 2121, 2137, 2115, 2159, 2148
2083, 2083, 2085, 2083, 2083, 2135, 2149
2101, 2113, 2108, 2118, 2113, 2114, 2116
2093, 2093, 2093, 2093, 2143, 2134, 2122
2101, 2101, 2102, 2122, 2127, 2152, 2155
2109, 2109, 2110, 2109, 2147, 2166, 2143
2114, 2114, 2124, 2124, 2130, 2178, 2168
2113, 2113, 2126, 2114, 2126, 2144, 2159
2095, 2095, 2097, 2099, 2104, 2135, 2138
2115, 2116, 2121, 2121, 2156, 2136, 2142
2112, 2116, 2129, 2116, 2118, 2147, 2133
2113, 2125, 2133, 2130, 2132, 2171, 2156
2107, 2113, 2114, 2115, 2120, 2137, 2131
2117, 2130, 2137, 2130, 2125, 2143, 2115
2121, 2121, 2125, 2132, 2146, 2128, 2168
2114, 2124, 2137, 2131, 2139, 2152, 2137
2105, 2118, 2126, 2139, 2141, 2105, 2150
2092, 2092, 2098, 2098, 2092, 2151, 2143
2122, 2134, 2137, 2143, 2146, 2165, 2161
2098, 2114, 2114, 2106, 2105, 2160, 2146
2089, 2093, 2093, 2117, 2105, 2181, 2144
2106, 2113, 2107, 2113, 2122, 2159, 2201
2121, 2126, 2127, 2133, 2144, 2139, 2140
2122, 2122, 2146, 2137, 2122, 2154, 2162
2107, 2107, 2121, 2107, 2108, 2141, 2159
2115, 2132, 2131, 2124, 2143, 2154, 2138
2093, 2094, 2093, 2138, 2093, 2153, 2131
2108, 2108, 2120, 2112, 2135, 2148, 2143
2119, 2130, 2119, 2140, 2128, 2167, 2137
2105, 2117, 2119, 2132, 2119, 2160, 2130
2125, 2125, 2130, 2146, 2143, 2149, 2156
2126, 2126, 2126, 2155, 2137, 2149, 2170
2105, 2112, 2116, 2122, 2118, 2132, 2137
2122, 2131, 2126, 2126, 2158, 2150, 2153
2125, 2130, 2136, 2127, 2158, 2162, 2194
2101, 2112, 2112, 2122, 2140, 2109, 2149
2106, 2106, 2128, 2114, 2125, 2171, 2180
2119, 2127, 2119, 2142, 2140, 2141, 2132
2123, 2123, 2123, 2145, 2142, 2128, 2174
2132, 2132, 2145, 2151, 2148, 2193, 2163
2099, 2100, 2104, 2119, 2137, 2145, 2132
2103, 2125, 2105, 2125, 2128, 2167, 2146
2109, 2109, 2126, 2117, 2137, 2150, 2113
2112, 2130, 2112, 2125, 2132, 2132, 2156
2129, 2131, 2129, 2135, 2164, 2137, 2141
2110, 2119, 2119, 2123, 2157, 2156, 2137
2095, 2101, 2118, 2107, 2132, 2186, 2113
2116, 2117, 2123, 2125, 2128, 2136, 2124
2105, 2108, 2113, 2113, 2116, 2149, 2112
2091, 2091, 2096, 2097, 2116, 2138, 2144
2109, 2123, 2138, 2128, 2151, 2170, 2142
2117, 2120, 2128, 2130, 2132, 2146, 2159
2101, 2116, 2126, 2116, 2121, 2176, 2130
2097, 2103, 2119, 2119, 2119, 2133, 2142
2105, 2107, 2110, 2117, 2123, 2119, 2150
2123, 2125, 2123, 2127, 2135, 2136, 2154
2114, 2116, 2126, 2134, 2132, 2143, 2132
2094, 2094, 2108, 2137, 2138, 2103, 2160
2108, 2108, 2109, 2124, 2150, 2137, 2133
2116, 2116, 2128, 2127, 2147, 2128, 2142
2103, 2103, 2114, 2120, 2119, 2160, 2137
2104, 2112, 2127, 2127, 2137, 2151, 2198
2123, 2123, 2130, 2128, 2141, 2159, 2137
2109, 2116, 2131, 2130, 2148, 2124, 2146
2113, 2113, 2118, 2113, 2140, 2144, 2124
2109, 2115, 2123, 2115, 2109, 2150, 2136
2133, 2143, 2133, 2146, 2159, 2145, 2138
2119, 2123, 2124, 2123, 2129, 2123, 2119
2115, 2115, 2122, 2132, 2130, 2139, 2159
2101, 2118, 2123, 2110, 2118, 2135, 2119
2098, 2110, 2108, 2116, 2138, 2116, 2174
2134, 2134, 2134, 2142, 2177, 2144, 2146
2106, 2107, 2107, 2131, 2122, 2162, 2131
2112, 2120, 2123, 2128, 2133, 2194, 2145
2111, 2115, 2117, 2118, 2149, 2167, 2133
2108, 2108, 2119, 2115, 2119, 2129, 2147
2111, 2117, 2115, 2128, 2145, 2131, 2151
2103, 2103, 2115, 2116, 2103, 2150, 2129
2123, 2135, 2138, 2148, 2141, 2143, 2152
2119, 2131, 2131, 2136, 2144, 2149, 2163
2122, 2140, 2139, 2154, 2181, 2151, 2163
2110, 2110, 2117, 2126, 2148, 2113, 2114
2113, 2124, 2128, 2125, 2113, 2151, 2129
2121, 2127, 2124, 2137, 2153, 2154, 2153
2112, 2117, 2120, 2136, 2139, 2168, 2140
2106, 2126, 2129, 2138, 2148, 2148, 2154
2097, 2127, 2099, 2129, 2126, 2157, 2151
2106, 2117, 2106, 2108, 2117, 2119, 2143
2103, 2111, 2113, 2117, 2116, 2124, 2118
2108, 2108, 2113, 2128, 2108, 2153, 2150
2127, 2132, 2127, 2147, 2134, 2127, 2144
2110, 2110, 2130, 2157, 2148, 2134, 2161
2113, 2122, 2126, 2125, 2138, 2140, 2157
2097, 2100, 2103, 2122, 2104, 2104, 2133
2116, 2116, 2127, 2129, 2153, 2160, 2151
2112, 2115, 2115, 2113, 2123, 2139, 2180
2120, 2121, 2131, 2134, 2121, 2136, 2198
2100, 2100, 2116, 2102, 2124, 2151, 2182
2112, 2112, 2112, 2157, 2140, 2157, 2115
2115, 2127, 2125, 2120, 2135, 2152, 2152
2101, 2101, 2109, 2103, 2123, 2140, 2133
2107, 2114, 2107, 2121, 2132, 2148, 2147
2103, 2107, 2115, 2113, 2116, 2131, 2113
2113, 2124, 2137, 2113, 2138, 2161, 2138
2086, 2088, 2088, 2133, 2109, 2118, 2175
2121, 2130, 2134, 2121, 2137, 2131, 2157
2103, 2104, 2103, 2124, 2119, 2148, 2125
2106, 2106, 2133, 2131, 2110, 2157, 2167
2118, 2132, 2123, 2128, 2141, 2138, 2133
2112, 2117, 2119, 2127, 2139, 2128, 2150
2094, 2094, 2094, 2099, 2094, 2140, 2110
2127, 2130, 2143, 2152, 2158, 2162, 2166
2115, 2124, 2122, 2143, 2127, 2135, 2143
2126, 2129, 2137, 2145, 2139, 2130, 2168
2093, 2097, 2093, 2100, 2116, 2111, 2123
2090, 2090, 2097, 2091, 2154, 2181, 2137
2122, 2141, 2137, 2122, 2130, 2142, 2144
2095, 2098, 2098, 2099, 2118, 2161, 2098
2104, 2104, 2120, 2107, 2166, 2123, 2179
2114, 2126, 2120, 2131, 2119, 2165, 2145
2110, 2116, 2114, 2119, 2128, 2133, 2128
2099, 2102, 2112, 2116, 2110, 2144, 2129
2107, 2109, 2107, 2135, 2113, 2150, 2182
2101, 2103, 2134, 2103, 2139, 2133, 2126
2097, 2119, 2126, 2123, 2145, 2154, 2139
2110, 2119, 2110, 2110, 2129, 2159, 2141
2111, 2114, 2118, 2115, 2121, 2152, 2139
2087, 2087, 2112, 2104, 2104, 2119, 2133
2102, 2103, 2119, 2103, 2138, 2154, 2159
2118, 2118, 2123, 2122, 2144, 2146, 2139
2091, 2093, 2103, 2093, 2093, 2125, 2140
2111, 2117, 2137, 2111, 2153, 2126, 2142
2108, 2115, 2121, 2123, 2128, 2130, 2157
2099, 2099, 2099, 2115, 2104, 2114, 2116
2115, 2115, 2117, 2122, 2138, 2167, 2126
2104, 2115, 2120, 2106, 2115, 2115, 2132
2120, 2122, 2129, 2142, 2129, 2122, 2194
2103, 2111, 2110, 2118, 2151, 2129, 2152
2102, 2107, 2109, 2125, 2147, 2158, 2130
2124, 2127, 2128, 2146, 2136, 2132, 2144
2115, 2128, 2123, 2128, 2115, 2161, 2151
2115, 2115, 2130, 2130, 2143, 2140, 2121
2110, 2139, 2110, 2146, 2154, 2171, 2177
2119, 2121, 2126, 2130, 2144, 2159, 2164
2102, 2102, 2122, 2122, 2114, 2142, 2122
2116, 2116, 2126, 2132, 2151, 2183, 2156
2103, 2118, 2109, 2120, 2139, 2137, 2116
2122, 2127, 2128, 2129, 2148, 2167, 2129
2116, 2126, 2135, 2125, 2133, 2151, 2181
2124, 2128, 2130, 2126, 2133, 2138, 2142
2110, 2116, 2110, 2122, 2112, 2157, 2165
2116, 2121, 2142, 2147, 2135, 2158, 2135
2119, 2124, 2125, 2139, 2129, 2127, 2154
2104, 2104, 2105, 2126, 2116, 2106, 2144
2087, 2087, 2103, 2099, 2105, 2132, 2135
2115, 2132, 2115, 2132, 2132, 2144, 2125
2107, 2109, 2130, 2127, 2136, 2141, 2133
2114, 2121, 2120, 2138, 2134, 2144, 2184
2123, 2130, 2140, 2141, 2149, 2151, 2146
2120, 2131, 2127, 2132, 2131, 2140, 2171
2117, 2127, 2117, 2142, 2142, 2172, 2161
2131, 2134, 2132, 2133, 2154, 2161, 2171
2107, 2116, 2124, 2128, 2138, 2155, 2123
2108, 2114, 2125, 2114, 2125, 2172, 2118
2128, 2132, 2128, 2146, 2128, 2129, 2150
2103, 2111, 2107, 2118, 2103, 2136, 2147
2085, 2107, 2093, 2099, 2093, 2085, 2129
2107, 2109, 2108, 2124, 2147, 2151, 2139
2110, 2110, 2116, 2147, 2140, 2134, 2136
2098, 2098, 2108, 2125, 2114, 2144, 2108
2116, 2119, 2132, 2144, 2134, 2157, 2163
2091, 2091, 2102, 2097, 2137, 2134, 2133
2099, 2100, 2117, 2100, 2101, 2134, 2153
2109, 2118, 2118, 2116, 2129, 2116, 2150
2114, 2114, 2124, 2119, 2133, 2150, 2181
2100, 2106, 2119, 2132, 2131, 2148, 2119
2111, 2111, 2131, 2132, 2131, 2192, 2152
2115, 2115, 2121, 2128, 2137, 2167, 2137
2114, 2114, 2114, 2125, 2132, 2150, 2139
2117, 2128, 2121, 2138, 2131, 2174, 2160
2103, 2115, 2128, 2111, 2170, 2163, 2148
2117, 2117, 2124, 2118, 2147, 2146, 2152
2110, 2115, 2127, 2134, 2135, 2152, 2123
2124, 2125, 2124, 2140, 2124, 2163, 2179
2098, 2100, 2124, 2098, 2144, 2172, 2117
2104, 2109, 2109, 2117, 2133, 2163, 2147
2118, 2120, 2126, 2148, 2142, 2137, 2127
2108, 2116, 2116, 2145, 2125, 2140, 2163
2114, 2118, 2118, 2137, 2139, 2151, 2151
2120, 2121, 2135, 2125, 2127, 2146, 2155
2107, 2110, 2126, 2109, 2109, 2145, 2164
2111, 2130, 2132, 2151, 2132, 2161, 2149
2117, 2134, 2118, 2135, 2143, 2125, 2144
2090, 2092, 2095, 2109, 2129, 2148, 2123
2107, 2112, 2126, 2123, 2156, 2118, 2121
2106, 2114, 2114, 2121, 2145, 2137, 2150
2098, 2100, 2137, 2127, 2137, 2157, 2111
2115, 2128, 2123, 2137, 2143, 2174, 2181
2112, 2136, 2125, 2159, 2150, 2150, 2150
2104, 2109, 2109, 2132, 2107, 2142, 2160
2101, 2108, 2120, 2117, 2137, 2137, 2132
2121, 2128, 2129, 2151, 2121, 2135, 2131
2102, 2118, 2135, 2136, 2132, 2152, 2174
2119, 2120, 2122, 2136, 2136, 2139, 2177
2104, 2107, 2104, 2108, 2131, 2142, 2136
2101, 2101, 2125, 2119, 2154, 2175, 2122
2112, 2119, 2123, 2130, 2125, 2136, 2143
2106, 2111, 2111, 2117, 2128, 2148, 2152
2111, 2111, 2127, 2111, 2119, 2143, 2154
2129, 2131, 2140, 2138, 2159, 2155, 2167
2099, 2119, 2101, 2117, 2140, 2163, 2175
2104, 2110, 2109, 2110, 2155, 2111, 2121
2092, 2093, 2092, 2092, 2107, 2134, 2142
2117, 2138, 2127, 2127, 2161, 2141, 2152
2120, 2130, 2128, 2130, 2133, 2153, 2141
2106, 2111, 2106, 2118, 2130, 2117, 2157
2104, 2104, 2123, 2122, 2142, 2142, 2134
2084, 2084, 2089, 2114, 2090, 2119, 2084
2100, 2107, 2106, 2101, 2107, 2122, 2108
2122, 2129, 2132, 2148, 2142, 2133, 2141
2128, 2128, 2146, 2144, 2150, 2166, 2176
2108, 2112, 2108, 2144, 2153, 2127, 2142
2101, 2106, 2104, 2124, 2187, 2133, 2180
2123, 2126, 2140, 2152, 2167, 2179, 2143
2113, 2123, 2125, 2125, 2126, 2149, 2145
2115, 2135, 2125, 2115, 2149, 2149, 2139
2107, 2123, 2115, 2153, 2111, 2136, 2137
2118, 2120, 2136, 2118, 2136, 2161, 2183
2128, 2128, 2141, 2140, 2148, 2165, 2164
2101, 2104, 2101, 2113, 2123, 2119, 2151
2112, 2112, 2112, 2131, 2142, 2152, 2130
2085, 2089, 2119, 2093, 2089, 2098, 2138
2117, 2117, 2131, 2122, 2117, 2164, 2177
2106, 2118, 2127, 2118, 2146, 2134, 2164
2117, 2127, 2119, 2134, 2137, 2129, 2147
2108, 2109, 2108, 2111, 2130, 2127, 2136
2099, 2101, 2106, 2117, 2128, 2164, 2154
2112, 2121, 2121, 2115, 2124, 2156, 2156
2123, 2123, 2134, 2141, 2145, 2145, 2181
2111, 2111, 2111, 2126, 2126, 2159, 2128
2108, 2112, 2119, 2123, 2131, 2126, 2119
2119, 2131, 2119, 2136, 2150, 2165, 2146
2104, 2114, 2112, 2114, 2147, 2116, 2174
2096, 2109, 2134, 2107, 2147, 2153, 2146
2120, 2122, 2130, 2153, 2123, 2155, 2142
2104, 2108, 2108, 2114, 2123, 2153, 2104
2098, 2100, 2098, 2114, 2122, 2120, 2141
2116, 2122, 2126, 2117, 2128, 2174, 2145
2121, 2125, 2127, 2135, 2142, 2142, 2171
2116, 2119, 2118, 2116, 2127, 2116, 2201
2095, 2097, 2097, 2099, 2097, 2128, 2138
2124, 2137, 2138, 2143, 2137, 2146, 2159
2112, 2115, 2113, 2127, 2134, 2124, 2152
2112, 2116, 2128, 2124, 2126, 2112, 2116
2096, 2101, 2106, 2097, 2110, 2151, 2158
2112, 2120, 2121, 2125, 2138, 2140, 2123
2102, 2115, 2110, 2120, 2130, 2166, 2122
2094, 2095, 2109, 2103, 2121, 2109, 2167
2100, 2100, 2118, 2121, 2145, 2141, 2120
2088, 2089, 2089, 2121, 2144, 2133, 2091
2115, 2124, 2122, 2124, 2142, 2127, 2130
2112, 2112, 2120, 2116, 2136, 2171, 2168
2105, 2109, 2111, 2141, 2116, 2129, 2145
2101, 2113, 2120, 2134, 2134, 2155, 2141
2098, 2099, 2113, 2099, 2134, 2124, 2170
2115, 2123, 2128, 2150, 2123, 2202, 2143
2105, 2105, 2110, 2133, 2105, 2133, 2122
2090, 2099, 2105, 2110, 2108, 2173, 2115
2099, 2114, 2125, 2122, 2135, 2127, 2159
2106, 2109, 2108, 2116, 2143, 2154, 2132
2113, 2117, 2132, 2131, 2125, 2161, 2174
2101, 2101, 2112, 2129, 2165, 2101, 2152
2117, 2131, 2127, 2147, 2163, 2134, 2177
2107, 2119, 2115, 2140, 2140, 2150, 2172
2092, 2096, 2092, 2110, 2125, 2127, 2155
2114, 2124, 2138, 2150, 2159, 2143, 2150
2116, 2121, 2116, 2116, 2140, 2145, 2134
2112, 2112, 2120, 2120, 2159, 2145, 2163
2129, 2138, 2148, 2153, 2166, 2155, 2201
2111, 2122, 2123, 2140, 2123, 2142, 2134
2126, 2134, 2134, 2148, 2136, 2155, 2159
2091, 2097, 2107, 2096, 2135, 2115, 2137
2097, 2102, 2100, 2105, 2129, 2119, 2137
2110, 2117, 2110, 2110, 2116, 2138, 2166
2123, 2126, 2123, 2143, 2147, 2146, 2122
2111, 2113, 2119, 2124, 2132, 2121, 2153
2107, 2107, 2132, 2134, 2130, 2152, 2150
2122, 2126, 2126, 2131, 2141, 2170, 2171
2113, 2113, 2121, 2121, 2123, 2118, 2119
2107, 2111, 2116, 2117, 2136, 2129, 2135
2100, 2100, 2106, 2107, 2132, 2106, 2127
2117, 2119, 2131, 2122, 2174, 2188, 2117
2102, 2112, 2112, 2106, 2109, 2132, 2135
2087, 2099, 2103, 2106, 2105, 2115, 2149
2100, 2102, 2102, 2123, 2130, 2146, 2146
2092, 2102, 2100, 2116, 2116, 2128, 2139
2116, 2123, 2121, 2145, 2126, 2173, 2159
2116, 2138, 2116, 2138, 2142, 2176, 2166
2123, 2133, 2130, 2130, 2140, 2134, 2152
2125, 2127, 2132, 2132, 2139, 2152, 2128
2126, 2137, 2126, 2138, 2136, 2146, 2162
2106, 2106, 2124, 2142, 2140, 2165, 2177
2126, 2126, 2134, 2141, 2167, 2157, 2165
2084, 2087, 2091, 2116, 2121, 2116, 2144
2111, 2115, 2115, 2120, 2142, 2159, 2180
2117, 2117, 2123, 2143, 2128, 2169, 2147
2115, 2121, 2124, 2138, 2170, 2156, 2139
2100, 2103, 2107, 2105, 2128, 2188, 2130
2121, 2121, 2130, 2139, 2138, 2165, 2129
2085, 2087, 2101, 2092, 2101, 2114, 2143
2109, 2110, 2111, 2114, 2131, 2111, 2150
2108, 2109, 2109, 2133, 2156, 2163, 2150
2098, 2104, 2104, 2098, 2131, 2158, 2167
2098, 2099, 2123, 2136, 2103, 2176, 2149
2090, 2090, 2103, 2113, 2109, 2142, 2148
2105, 2105, 2132, 2113, 2105, 2144, 2126
2105, 2105, 2114, 2121, 2136, 2127, 2144
2099, 2105, 2112, 2123, 2127, 2141, 2119
2115, 2115, 2124, 2135, 2154, 2147, 2153
2110, 2131, 2111, 2113, 2134, 2143, 2117
2109, 2111, 2140, 2149, 2116, 2168, 2150
2114, 2128, 2142, 2120, 2142, 2188, 2154
2103, 2110, 2111, 2110, 2143, 2135, 2148
2097, 2099, 2098, 2111, 2137, 2112, 2109
2101, 2106, 2106, 2129, 2113, 2149, 2113
2095, 2097, 2104, 2110, 2106, 2149, 2123
2115, 2122, 2132, 2128, 2135, 2148, 2141
2101, 2105, 2106, 2116, 2132, 2135, 2124
2116, 2119, 2124, 2155, 2151, 2143, 2153
2108, 2127, 2121, 2136, 2129, 2124, 2153
2115, 2131, 2117, 2121, 2128, 2143, 2172
2095, 2100, 2095, 2104, 2127, 2114, 2149
2109, 2113, 2122, 2109, 2136, 2148, 2150
2083, 2094, 2102, 2096, 2122, 2108, 2092
2099, 2106, 2103, 2103, 2131, 2116, 2137
2120, 2125, 2123, 2142, 2149, 2152, 2136
2107, 2123, 2116, 2107, 2118, 2126, 2145
2117, 2120, 2133, 2147, 2127, 2159, 2148
2101, 2102, 2102, 2133, 2108, 2105, 2112
2116, 2126, 2128, 2132, 2125, 2171, 2131
2123, 2134, 2123, 2132, 2143, 2144, 2137
2109, 2113, 2109, 2119, 2153, 2129, 2129
2103, 2103, 2114, 2120, 2132, 2137, 2136
2096, 2111, 2099, 2130, 2124, 2096, 2119
2103, 2103, 2110, 2104, 2149, 2145, 2151
2101, 2105, 2127, 2120, 2115, 2165, 2165
2122, 2122, 2126, 2134, 2145, 2153, 2167
2105, 2105, 2130, 2130, 2151, 2130, 2154
2112, 2114, 2120, 2134, 2141, 2123, 2131
2099, 2105, 2104, 2118, 2140, 2124, 2112
2074, 2080, 2077, 2124, 2091, 2139, 2096
2106, 2106, 2116, 2106, 2139, 2116, 2161
2102, 2116, 2121, 2114, 2127, 2142, 2100
2106, 2106, 2113, 2112, 2127, 2138, 2151
2116, 2126, 2122, 2118, 2137, 2123, 2147
2118, 2123, 2129, 2138, 2153, 2142, 2164
2085, 2085, 2094, 2113, 2118, 2135, 2180
2110, 2112, 2118, 2125, 2157, 2118, 2124
2123, 2134, 2141, 2143, 2164, 2143, 2151
2107, 2107, 2123, 2116, 2134, 2146, 2120
2079, 2080, 2080, 2099, 2142, 2108, 2153
2105, 2123, 2112, 2135, 2134, 2150, 2140
2089, 2100, 2089, 2105, 2110, 2150, 2172
2087, 2099, 2112, 2123, 2100, 2148, 2087
2114, 2132, 2132, 2137, 2136, 2142, 2153
2131, 2134, 2142, 2144, 2145, 2145, 2127
2122, 2127, 2122, 2146, 2180, 2163, 2143
2095, 2099, 2096, 2095, 2123, 2140, 2158
2107, 2108, 2121, 2122, 2127, 2149, 2118
2113, 2123, 2127, 2129, 2147, 2148, 2147
2094, 2096, 2096, 2105, 2102, 2149, 2143
2122, 2122, 2133, 2135, 2153, 2163, 2169
2112, 2131, 2132, 2131, 2112, 2164, 2133
2124, 2124, 2134, 2139, 2141, 2138, 2144
2120, 2129, 2120, 2132, 2132, 2147, 2172
2107, 2116, 2123, 2133, 2126, 2134, 2115
2118, 2132, 2120, 2142, 2135, 2141, 2147
2111, 2111, 2123, 2111, 2136, 2156, 2153
2119, 2122, 2124, 2138, 2127, 2154, 2168
2089, 2089, 2090, 2110, 2110, 2169, 2149
2100, 2107, 2107, 2104, 2130, 2168, 2118
2095, 2097, 2099, 2122, 2099, 2164, 2187
2114, 2117, 2130, 2130, 2144, 2149, 2153
2120, 2122, 2127, 2136, 2140, 2131, 2156
2110, 2110, 2115, 2129, 2137, 2125, 2181
2110, 2111, 2113, 2113, 2134, 2116, 2148
2115, 2122, 2115, 2122, 2129, 2160, 2121
2105, 2105, 2124, 2117, 2131, 2147, 2120
2102, 2104, 2130, 2115, 2113, 2156, 2184
2113, 2113, 2124, 2129, 2129, 2157, 2169
2122, 2131, 2133, 2152, 2127, 2147, 2157
2116, 2128, 2131, 2131, 2129, 2184, 2149
2124, 2138, 2143, 2143, 2149, 2159, 2172
2127, 2136, 2133, 2127, 2146, 2145, 2158
2102, 2105, 2119, 2137, 2126, 2135, 2131
2108, 2108, 2108, 2131, 2113, 2131, 2114
2118, 2118, 2135, 2138, 2144, 2155, 2149
2108, 2133, 2129, 2108, 2139, 2159, 2126
2102, 2103, 2109, 2109, 2102, 2157, 2163
2103, 2108, 2114, 2116, 2116, 2151, 2164
2100, 2104, 2124, 2112, 2107, 2131, 2126
2105, 2105, 2105, 2105, 2136, 2149, 2146
2110, 2110, 2119, 2115, 2152, 2195, 2126
2094, 2104, 2115, 2118, 2151, 2111, 2153
2123, 2125, 2129, 2131, 2147, 2180, 2142
2108, 2108, 2116, 2137, 2125, 2130, 2129
2106, 2119, 2119, 2125, 2125, 2128, 2107
2093, 2095, 2117, 2107, 2155, 2131, 2150
2079, 2079, 2079, 2079, 2086, 2108, 2079
2128, 2129, 2147, 2134, 2135, 2159, 2172
2104, 2119, 2129, 2124, 2133, 2142, 2123
2120, 2128, 2127, 2138, 2132, 2144, 2161
2114, 2124, 2125, 2126, 2122, 2130, 2149
2104, 2111, 2120, 2115, 2115, 2136, 2127
2117, 2124, 2117, 2145, 2148, 2145, 2153
2101, 2116, 2105, 2137, 2149, 2137, 2147
2118, 2127, 2128, 2118, 2170, 2149, 2130
2107, 2108, 2116, 2107, 2124, 2133, 2148
2109, 2113, 2113, 2124, 2119, 2150, 2144
2110, 2110, 2113, 2119, 2126, 2141, 2159
2084, 2089, 2104, 2094, 2126, 2153, 2159
2112, 2121, 2121, 2120, 2125, 2132, 2127
2114, 2128, 2114, 2115, 2128, 2140, 2172
2119, 2128, 2128, 2141, 2128, 2203, 2157
2106, 2122, 2142, 2128, 2135, 2150, 2136
2099, 2115, 2099, 2131, 2114, 2149, 2137
2117, 2125, 2117, 2136, 2125, 2184, 2136
2117, 2122, 2123, 2131, 2139, 2128, 2182
2120, 2129, 2130, 2146, 2149, 2140, 2154
2112, 2112, 2112, 2126, 2139, 2146, 2146
2103, 2112, 2111, 2130, 2152, 2126, 2104
2102, 2117, 2102, 2137, 2145, 2127, 2173
2126, 2131, 2130, 2131, 2146, 2158, 2162
2102, 2106, 2122, 2114, 2112, 2142, 2107
2111, 2125, 2127, 2131, 2111, 2158, 2143
2098, 2111, 2105, 2102, 2127, 2133, 2131
