   25    300   107     103.54
   25    300   108      94.81
   25    300    98      50.91
   25    300   106      71.67
   25    300   103      82.02
   25    300   109      90.92
   25    300   101      47.82
   25    300   108     115.59
   25    300   110      97.55
   25    300   110     115.00
   25    300   108      97.75
   25    300   112     155.16
   25    300   105      53.56
   25    300   101      68.14
   25    300   107      79.35
   25    300   112     147.30
   25    300   106      80.99
   25    300   111      96.74
   25    300   108      98.99
   25    300   110     123.58
   25    300   110      96.86
   25    300   108     106.63
   25    300   105      80.65
   25    300   107     108.18
   25    300   101      31.50
   25    300   106      78.95
   25    300   109     123.88
   25    300   106      78.20
   25    300   106      82.22
   25    300   109     104.82
   25    300   106      85.57
   25    300   111     127.15
   25    300   104      74.21
   25    300   111     125.50
   25    300   110      93.05
   25    300   110     124.26
   25    300   100      56.80
   25    300   110     105.99
   25    300   106      94.30
   25    300   108      93.61
   25    300   106      65.46
   25    300   111     128.41
   25    300   109     133.00
   25    300   107      88.89
   25    300   112     119.90
   25    300   102      52.74
   25    300   109     114.89
   25    300   107     110.17
   25    300   109     104.85
   25    300   105      83.52
   25    300   107      85.98
   25    300   107     100.80
   25    300   106      85.28
   25    300   107      98.06
   25    300   104      79.68
   25    300   108      91.33
   25    300   107      84.31
   25    300   106      64.98
   25    300   106      86.06
   25    300   107      95.57
   25    300   105      83.86
   25    300   106      70.25
   25    300   108     120.25
   25    300    98      45.77
   25    300   106      65.94
   25    300   108     135.47
   25    300   106      69.13
   25    300   109     100.91
   25    300   104      74.22
   25    300   109      72.05
   25    300   105      63.39
   25    300   106      76.00
   25    300   108      93.52
   25    300   106      70.52
   25    300   113     127.16
   25    300   107      91.89
   25    300   107      81.97
   25    300   109      92.10
   25    300   102      62.58
   25    300   105      78.12
   25    300   108      71.27
   25    300   108      83.90
   25    300   110     109.80
   25    300   105     115.83
   25    300   109      86.62
   25    300   106      99.79
   25    300   110     120.18
   25    300   104      84.88
   25    300   102      81.63
   25    300   111     130.45
   25    300   100      56.38
   25    300   101      68.57
   25    300   114     146.10
   25    300   106      84.47
   25    300   108      88.62
   25    300   108     102.97
   25    300    98      52.72
   25    300   106     107.95
   25    300   105      65.41
   25    300   110     107.59
