2303, 2083, 2083, 2083, 2240, 2236, 2083, 2083, 2171, 2161, 2083, 2084, 2083, 2083, 2105, 2083, 2083
2315, 2101, 2101, 2101, 2248, 2188, 2101, 2101, 2165, 2131, 2104, 2102, 2102, 2102, 2102, 2102, 2101
2335, 2077, 2077, 2077, 2249, 2196, 2077, 2077, 2153, 2159, 2077, 2077, 2077, 2077, 2077, 2077, 2077
2337, 2115, 2113, 2113, 2255, 2226, 2119, 2114, 2186, 2160, 2117, 2116, 2116, 2115, 2116, 2116, 2113
2337, 2109, 2108, 2108, 2249, 2220, 2108, 2112, 2173, 2159, 2108, 2118, 2119, 2109, 2118, 2113, 2109
2345, 2099, 2099, 2099, 2256, 2188, 2099, 2099, 2159, 2154, 2099, 2099, 2099, 2106, 2106, 2099, 2100
2356, 2108, 2108, 2108, 2274, 2220, 2108, 2108, 2181, 2173, 2108, 2123, 2108, 2108, 2129, 2127, 2121
2341, 2103, 2103, 2103, 2263, 2227, 2103, 2103, 2145, 2160, 2103, 2120, 2119, 2106, 2118, 2109, 2103
2341, 2105, 2105, 2105, 2261, 2213, 2112, 2110, 2168, 2137, 2117, 2128, 2124, 2105, 2112, 2110, 2105
2317, 2076, 2076, 2076, 2267, 2192, 2076, 2076, 2162, 2144, 2076, 2090, 2076, 2076, 2077, 2076, 2076
2308, 2111, 2109, 2109, 2260, 2223, 2111, 2109, 2168, 2138, 2112, 2111, 2111, 2111, 2123, 2118, 2109
2323, 2091, 2091, 2091, 2280, 2217, 2091, 2091, 2173, 2153, 2091, 2103, 2091, 2091, 2122, 2091, 2091
2351, 2107, 2111, 2106, 2261, 2220, 2106, 2109, 2187, 2172, 2112, 2112, 2118, 2113, 2116, 2111, 2111
2311, 2080, 2080, 2080, 2262, 2209, 2080, 2080, 2175, 2146, 2081, 2096, 2090, 2080, 2080, 2080, 2080
2350, 2111, 2111, 2111, 2271, 2217, 2110, 2111, 2167, 2152, 2114, 2111, 2119, 2111, 2123, 2111, 2111
2301, 2094, 2094, 2094, 2272, 2161, 2094, 2094, 2158, 2154, 2101, 2094, 2094, 2094, 2096, 2094, 2094
2343, 2102, 2102, 2102, 2275, 2236, 2102, 2102, 2166, 2153, 2105, 2103, 2107, 2105, 2103, 2103, 2102
2367, 2127, 2125, 2125, 2259, 2223, 2127, 2128, 2177, 2166, 2126, 2132, 2127, 2127, 2129, 2132, 2125
2325, 2099, 2099, 2099, 2249, 2224, 2102, 2099, 2158, 2163, 2106, 2109, 2108, 2103, 2099, 2099, 2099
2330, 2098, 2104, 2098, 2252, 2213, 2098, 2098, 2153, 2157, 2108, 2121, 2104, 2104, 2106, 2108, 2108
2339, 2104, 2098, 2098, 2258, 2212, 2098, 2098, 2177, 2152, 2098, 2117, 2105, 2104, 2105, 2098, 2098
2341, 2106, 2106, 2106, 2237, 2216, 2106, 2106, 2178, 2157, 2106, 2109, 2126, 2109, 2118, 2118, 2106
2348, 2117, 2114, 2114, 2254, 2223, 2117, 2121, 2177, 2165, 2117, 2119, 2123, 2117, 2117, 2117, 2114
2356, 2088, 2088, 2088, 2261, 2230, 2088, 2088, 2152, 2171, 2088, 2088, 2088, 2088, 2117, 2088, 2088
2344, 2079, 2079, 2079, 2273, 2198, 2079, 2079, 2157, 2145, 2080, 2079, 2079, 2079, 2080, 2080, 2079
2346, 2106, 2106, 2106, 2251, 2225, 2106, 2106, 2177, 2150, 2106, 2106, 2106, 2106, 2117, 2106, 2106
2330, 2119, 2118, 2117, 2260, 2234, 2119, 2118, 2146, 2162, 2120, 2121, 2119, 2119, 2121, 2119, 2118
2333, 2096, 2096, 2096, 2280, 2240, 2096, 2096, 2186, 2150, 2109, 2096, 2096, 2097, 2097, 2097, 2096
2326, 2094, 2094, 2094, 2235, 2221, 2094, 2094, 2150, 2149, 2101, 2101, 2101, 2094, 2094, 2094, 2094
2359, 2111, 2111, 2111, 2255, 2228, 2111, 2111, 2182, 2145, 2117, 2123, 2117, 2111, 2111, 2118, 2111
2352, 2117, 2112, 2112, 2252, 2229, 2118, 2112, 2173, 2165, 2112, 2120, 2121, 2117, 2130, 2120, 2117
2331, 2104, 2103, 2104, 2248, 2223, 2101, 2101, 2146, 2152, 2104, 2114, 2108, 2104, 2111, 2104, 2104
2339, 2108, 2106, 2106, 2264, 2216, 2106, 2106, 2166, 2153, 2106, 2112, 2110, 2111, 2108, 2115, 2106
2344, 2116, 2109, 2114, 2261, 2211, 2117, 2109, 2157, 2156, 2109, 2134, 2117, 2119, 2122, 2119, 2120
2334, 2100, 2100, 2100, 2261, 2220, 2102, 2101, 2172, 2141, 2101, 2101, 2102, 2100, 2103, 2100, 2100
2329, 2099, 2097, 2097, 2246, 2220, 2098, 2097, 2170, 2148, 2098, 2100, 2104, 2099, 2130, 2098, 2097
2319, 2109, 2104, 2104, 2259, 2222, 2104, 2109, 2179, 2164, 2104, 2113, 2119, 2110, 2104, 2117, 2109
2345, 2109, 2109, 2109, 2256, 2228, 2109, 2110, 2185, 2153, 2110, 2126, 2126, 2109, 2117, 2109, 2109
2364, 2117, 2117, 2117, 2281, 2212, 2117, 2118, 2181, 2161, 2122, 2131, 2117, 2117, 2118, 2118, 2117
2301, 2087, 2087, 2087, 2264, 2233, 2087, 2087, 2172, 2114, 2087, 2100, 2087, 2087, 2093, 2087, 2087
2338, 2105, 2105, 2105, 2275, 2217, 2105, 2105, 2183, 2179, 2105, 2117, 2105, 2105, 2120, 2117, 2112
2345, 2085, 2085, 2085, 2286, 2205, 2085, 2085, 2160, 2121, 2085, 2104, 2085, 2085, 2085, 2085, 2085
2356, 2108, 2107, 2107, 2263, 2211, 2107, 2107, 2161, 2157, 2111, 2114, 2108, 2112, 2111, 2114, 2111
2335, 2100, 2099, 2099, 2259, 2226, 2099, 2099, 2159, 2125, 2100, 2133, 2100, 2100, 2110, 2099, 2099
2343, 2113, 2113, 2110, 2260, 2213, 2113, 2111, 2157, 2148, 2113, 2113, 2114, 2113, 2113, 2115, 2113
2327, 2091, 2091, 2091, 2241, 2213, 2091, 2091, 2180, 2163, 2091, 2110, 2091, 2091, 2101, 2101, 2091
2360, 2091, 2091, 2091, 2248, 2206, 2091, 2091, 2174, 2167, 2096, 2096, 2097, 2091, 2110, 2091, 2091
2332, 2097, 2097, 2097, 2280, 2224, 2099, 2097, 2144, 2141, 2098, 2098, 2097, 2099, 2101, 2099, 2098
2350, 2110, 2110, 2110, 2268, 2209, 2113, 2110, 2180, 2169, 2113, 2110, 2117, 2112, 2116, 2126, 2110
2369, 2122, 2122, 2122, 2274, 2225, 2122, 2126, 2188, 2161, 2122, 2130, 2130, 2122, 2129, 2122, 2128
2340, 2119, 2118, 2118, 2245, 2212, 2118, 2116, 2170, 2166, 2118, 2119, 2120, 2119, 2118, 2121, 2118
2347, 2119, 2118, 2119, 2250, 2219, 2117, 2121, 2172, 2167, 2122, 2129, 2119, 2122, 2135, 2127, 2121
2359, 2097, 2097, 2097, 2253, 2220, 2097, 2107, 2157, 2144, 2100, 2110, 2109, 2100, 2110, 2100, 2097
2314, 2104, 2100, 2100, 2246, 2205, 2100, 2100, 2171, 2134, 2100, 2104, 2113, 2108, 2114, 2100, 2104
2314, 2109, 2109, 2109, 2251, 2214, 2109, 2112, 2176, 2167, 2111, 2114, 2122, 2109, 2119, 2111, 2109
2337, 2107, 2107, 2107, 2232, 2222, 2111, 2108, 2148, 2145, 2110, 2110, 2111, 2107, 2107, 2112, 2109
2323, 2118, 2118, 2118, 2264, 2226, 2123, 2121, 2184, 2163, 2121, 2137, 2128, 2118, 2132, 2121, 2130
2352, 2116, 2116, 2116, 2274, 2230, 2113, 2116, 2179, 2159, 2115, 2129, 2126, 2120, 2120, 2116, 2120
2298, 2093, 2092, 2092, 2250, 2235, 2092, 2092, 2150, 2148, 2093, 2105, 2093, 2093, 2098, 2092, 2092
2352, 2121, 2121, 2121, 2289, 2225, 2118, 2121, 2169, 2169, 2121, 2145, 2122, 2121, 2140, 2123, 2121
2350, 2104, 2104, 2104, 2271, 2216, 2104, 2104, 2175, 2149, 2109, 2133, 2112, 2104, 2109, 2106, 2104
2347, 2112, 2112, 2112, 2287, 2192, 2112, 2114, 2156, 2170, 2114, 2121, 2121, 2116, 2117, 2116, 2112
2357, 2107, 2107, 2107, 2267, 2222, 2112, 2112, 2170, 2152, 2114, 2120, 2109, 2107, 2107, 2113, 2107
2357, 2114, 2112, 2112, 2259, 2217, 2112, 2112, 2177, 2165, 2112, 2127, 2122, 2114, 2119, 2113, 2117
2333, 2092, 2092, 2091, 2262, 2194, 2092, 2091, 2168, 2154, 2091, 2092, 2097, 2092, 2093, 2092, 2092
2326, 2095, 2094, 2094, 2239, 2219, 2094, 2094, 2171, 2163, 2098, 2102, 2100, 2095, 2100, 2097, 2094
2325, 2111, 2111, 2111, 2245, 2219, 2111, 2111, 2179, 2154, 2111, 2119, 2125, 2111, 2118, 2111, 2118
2321, 2090, 2089, 2089, 2254, 2207, 2089, 2089, 2146, 2139, 2089, 2108, 2090, 2090, 2094, 2090, 2089
2333, 2099, 2099, 2099, 2277, 2231, 2099, 2099, 2174, 2159, 2102, 2110, 2102, 2102, 2109, 2099, 2099
2315, 2110, 2110, 2102, 2262, 2203, 2104, 2102, 2171, 2143, 2102, 2140, 2122, 2112, 2121, 2110, 2110
2353, 2111, 2111, 2111, 2235, 2238, 2113, 2113, 2184, 2145, 2114, 2120, 2117, 2111, 2119, 2114, 2116
2323, 2082, 2080, 2080, 2250, 2198, 2080, 2080, 2161, 2110, 2080, 2083, 2082, 2082, 2084, 2080, 2082
2341, 2103, 2103, 2103, 2239, 2210, 2103, 2113, 2146, 2160, 2103, 2122, 2117, 2103, 2103, 2103, 2103
2348, 2119, 2119, 2119, 2260, 2229, 2119, 2132, 2186, 2176, 2134, 2130, 2130, 2120, 2142, 2131, 2119
2325, 2085, 2085, 2085, 2252, 2215, 2085, 2085, 2170, 2167, 2085, 2097, 2085, 2085, 2085, 2085, 2085
2354, 2115, 2114, 2115, 2233, 2239, 2114, 2115, 2169, 2156, 2119, 2125, 2118, 2115, 2131, 2120, 2115
2331, 2109, 2109, 2109, 2260, 2201, 2107, 2105, 2171, 2162, 2109, 2113, 2113, 2109, 2113, 2109, 2112
2351, 2118, 2115, 2115, 2253, 2227, 2114, 2114, 2187, 2149, 2121, 2126, 2121, 2121, 2125, 2118, 2115
2310, 2088, 2086, 2086, 2254, 2191, 2086, 2086, 2163, 2140, 2086, 2091, 2091, 2090, 2088, 2092, 2092
2356, 2104, 2104, 2104, 2245, 2212, 2109, 2106, 2165, 2142, 2104, 2114, 2107, 2104, 2123, 2104, 2104
2341, 2097, 2097, 2097, 2254, 2214, 2097, 2097, 2181, 2151, 2097, 2097, 2115, 2097, 2097, 2097, 2097
2337, 2101, 2101, 2101, 2263, 2217, 2105, 2101, 2151, 2158, 2114, 2124, 2101, 2101, 2101, 2101, 2101
2352, 2123, 2123, 2123, 2244, 2221, 2124, 2124, 2174, 2158, 2125, 2123, 2123, 2125, 2126, 2123, 2125
2306, 2101, 2100, 2100, 2244, 2235, 2100, 2100, 2165, 2160, 2101, 2109, 2101, 2101, 2100, 2100, 2100
2344, 2110, 2105, 2105, 2253, 2228, 2107, 2109, 2171, 2142, 2105, 2120, 2110, 2110, 2124, 2105, 2105
2348, 2109, 2109, 2109, 2279, 2226, 2109, 2112, 2183, 2152, 2116, 2109, 2127, 2109, 2126, 2118, 2112
2348, 2104, 2103, 2104, 2263, 2210, 2104, 2105, 2167, 2137, 2108, 2104, 2104, 2104, 2103, 2107, 2103
2324, 2103, 2100, 2100, 2234, 2211, 2100, 2103, 2175, 2146, 2103, 2107, 2108, 2104, 2108, 2100, 2100
2322, 2105, 2103, 2103, 2254, 2209, 2105, 2103, 2168, 2149, 2103, 2129, 2115, 2105, 2109, 2112, 2103
2342, 2112, 2112, 2112, 2268, 2222, 2115, 2112, 2167, 2152, 2112, 2122, 2112, 2119, 2127, 2119, 2117
2344, 2101, 2101, 2101, 2240, 2206, 2101, 2101, 2156, 2134, 2102, 2101, 2104, 2101, 2101, 2102, 2103
2347, 2114, 2111, 2111, 2267, 2210, 2111, 2111, 2160, 2156, 2113, 2130, 2114, 2116, 2128, 2114, 2111
2355, 2128, 2111, 2111, 2271, 2234, 2111, 2111, 2195, 2149, 2111, 2135, 2128, 2128, 2128, 2111, 2111
2356, 2125, 2125, 2120, 2256, 2223, 2114, 2114, 2157, 2168, 2123, 2141, 2130, 2125, 2127, 2126, 2125
2323, 2122, 2121, 2120, 2267, 2199, 2120, 2120, 2171, 2166, 2128, 2142, 2133, 2122, 2130, 2132, 2121
2354, 2095, 2095, 2095, 2258, 2189, 2095, 2095, 2153, 2140, 2095, 2099, 2100, 2099, 2104, 2102, 2095
2328, 2131, 2131, 2131, 2269, 2219, 2131, 2132, 2196, 2173, 2133, 2133, 2133, 2133, 2131, 2133, 2136
2337, 2113, 2113, 2113, 2269, 2229, 2113, 2113, 2175, 2148, 2114, 2113, 2113, 2113, 2126, 2120, 2116
2349, 2106, 2106, 2106, 2276, 2235, 2108, 2107, 2173, 2143, 2106, 2127, 2121, 2109, 2125, 2110, 2106
2349, 2109, 2108, 2108, 2255, 2217, 2109, 2107, 2185, 2159, 2107, 2119, 2113, 2109, 2124, 2111, 2108
