2099, 2120, 2167
2110, 2126, 2136
2115, 2133, 2160
2112, 2127, 2143
2112, 2120, 2130
2102, 2102, 2136
2107, 2119, 2148
2108, 2126, 2144
2121, 2145, 2160
2120, 2127, 2127
2111, 2115, 2168
2108, 2128, 2138
2126, 2145, 2168
2119, 2132, 2154
2111, 2139, 2152
2113, 2119, 2147
2108, 2126, 2148
2103, 2117, 2120
2098, 2128, 2149
2121, 2142, 2160
2107, 2135, 2167
2094, 2094, 2105
2111, 2133, 2120
2112, 2137, 2120
2117, 2120, 2155
2108, 2108, 2161
2111, 2116, 2121
2119, 2124, 2154
2115, 2120, 2152
2094, 2105, 2132
2116, 2119, 2143
2112, 2116, 2172
2105, 2125, 2154
2106, 2126, 2122
2122, 2139, 2157
2124, 2142, 2150
2111, 2119, 2156
2113, 2142, 2136
2102, 2122, 2144
2111, 2111, 2159
2113, 2116, 2154
2102, 2104, 2131
2128, 2137, 2151
2112, 2124, 2131
2113, 2124, 2127
2125, 2138, 2136
2095, 2095, 2127
2133, 2140, 2167
2109, 2122, 2185
2121, 2123, 2151
2097, 2115, 2153
2111, 2127, 2173
2109, 2109, 2166
2113, 2147, 2163
2108, 2118, 2181
2113, 2120, 2151
2124, 2126, 2179
2122, 2139, 2142
2101, 2123, 2168
2102, 2109, 2156
2103, 2111, 2129
2112, 2119, 2122
2098, 2104, 2135
2113, 2116, 2166
2106, 2117, 2124
2113, 2113, 2109
2115, 2123, 2151
2125, 2126, 2131
2122, 2125, 2152
2076, 2076, 2104
2114, 2127, 2173
2086, 2089, 2145
2107, 2118, 2144
2105, 2122, 2151
2127, 2142, 2163
2112, 2120, 2150
2111, 2111, 2132
2100, 2116, 2155
2126, 2129, 2156
2115, 2119, 2162
2119, 2124, 2134
2112, 2132, 2137
2108, 2119, 2132
2113, 2113, 2126
2116, 2133, 2194
2102, 2103, 2199
2121, 2134, 2174
2107, 2115, 2131
2101, 2106, 2124
2113, 2126, 2164
2098, 2098, 2164
2105, 2115, 2159
2117, 2122, 2164
2108, 2114, 2151
2106, 2111, 2129
2110, 2112, 2152
2118, 2127, 2155
2112, 2124, 2131
2113, 2128, 2168
2100, 2126, 2198
