239, 239, 310, 339, 239
253, 253, 356, 292, 253
230, 230, 286, 326, 230
257, 257, 345, 336, 257
239, 239, 276, 304, 239
252, 252, 390, 376, 252
258, 258, 353, 421, 258
245, 245, 286, 353, 245
257, 257, 257, 297, 257
224, 224, 295, 268, 224
260, 260, 396, 336, 260
253, 253, 282, 348, 253
217, 217, 371, 329, 217
246, 246, 246, 373, 246
272, 272, 364, 346, 272
227, 227, 227, 258, 227
264, 264, 291, 299, 264
229, 229, 321, 302, 229
253, 253, 323, 340, 253
263, 263, 321, 331, 263
246, 246, 278, 246, 246
234, 234, 312, 270, 234
241, 241, 275, 241, 241
249, 249, 319, 349, 249
268, 268, 372, 321, 268
236, 236, 305, 236, 236
261, 261, 261, 261, 261
235, 235, 235, 309, 235
240, 240, 240, 331, 240
268, 268, 268, 356, 268
232, 232, 268, 331, 232
227, 227, 269, 296, 227
257, 257, 361, 365, 257
234, 234, 234, 293, 234
249, 249, 326, 314, 249
246, 246, 284, 337, 246
247, 247, 247, 324, 247
265, 265, 265, 362, 265
241, 241, 276, 275, 241
254, 254, 254, 294, 254
256, 256, 295, 341, 256
259, 259, 322, 364, 259
238, 238, 271, 321, 238
268, 268, 306, 381, 268
243, 243, 310, 315, 243
262, 262, 323, 295, 262
236, 236, 279, 306, 236
254, 254, 254, 316, 254
258, 258, 383, 328, 258
259, 259, 299, 287, 259
246, 246, 280, 271, 246
244, 244, 279, 304, 244
249, 249, 307, 294, 249
233, 233, 277, 306, 233
239, 239, 310, 278, 239
246, 246, 340, 273, 246
272, 272, 339, 404, 272
243, 243, 317, 302, 243
251, 251, 350, 353, 251
245, 245, 245, 353, 245
268, 268, 268, 363, 268
246, 246, 339, 428, 246
252, 252, 312, 344, 252
232, 232, 339, 289, 232
257, 257, 353, 280, 257
228, 228, 276, 338, 228
263, 263, 302, 337, 263
237, 237, 271, 367, 237
246, 246, 305, 387, 246
269, 269, 303, 373, 269
230, 230, 305, 331, 230
287, 287, 348, 343, 287
242, 242, 317, 319, 242
242, 242, 281, 272, 242
243, 243, 273, 351, 243
258, 258, 258, 378, 258
254, 254, 321, 291, 254
244, 244, 311, 310, 244
252, 252, 355, 322, 252
230, 230, 391, 369, 230
256, 256, 388, 285, 256
234, 234, 269, 309, 234
248, 248, 248, 316, 248
253, 253, 323, 367, 253
256, 256, 289, 299, 256
243, 243, 312, 273, 243
254, 254, 254, 293, 254
264, 264, 348, 309, 264
238, 238, 309, 312, 238
240, 240, 278, 321, 240
224, 224, 224, 267, 224
240, 240, 273, 334, 240
263, 263, 378, 360, 263
246, 246, 315, 319, 246
235, 235, 328, 337, 235
239, 239, 275, 321, 239
277, 277, 358, 373, 277
234, 234, 300, 333, 234
243, 243, 311, 243, 243
238, 238, 270, 276, 238
