1983, 1983, 1983, 1983, 1983, 1983, 1983
1969, 1969, 1969, 1969, 1969, 1969, 1969
1867, 1867, 1867, 1867, 1867, 1867, 1867
1962, 1962, 1962, 1962, 1962, 1967, 1962
1938, 1938, 1938, 1938, 1938, 1938, 1938
1958, 1958, 1958, 1958, 1958, 1960, 2154
1979, 1979, 1979, 1979, 1979, 2116, 1979
1960, 1960, 1960, 1960, 1960, 2132, 2151
1955, 1955, 1955, 1955, 1955, 1955, 1955
1994, 1994, 1994, 1994, 1994, 1994, 2001
1946, 1946, 1946, 1946, 1947, 1948, 1946
1997, 1997, 1997, 1997, 1997, 1997, 1997
2017, 2017, 2017, 2017, 2018, 2089, 2125
1979, 1979, 1979, 1979, 1979, 1982, 1979
1938, 1938, 1938, 1938, 1938, 1938, 1938
1923, 1923, 1923, 1923, 1923, 1923, 1923
2015, 2015, 2015, 2016, 2015, 2015, 2016
1991, 1991, 1991, 1991, 1991, 1991, 1991
1973, 1973, 1973, 1973, 1973, 1973, 1973
1993, 1993, 1993, 1993, 1993, 1997, 1993
1989, 1989, 1989, 1989, 1989, 1989, 1989
2021, 2022, 2021, 2022, 2027, 2021, 2022
1924, 1924, 1924, 1924, 1924, 1925, 1924
1985, 1985, 1985, 1985, 1985, 2148, 1985
2006, 2006, 2006, 2007, 2020, 2006, 2006
1920, 1920, 1920, 1920, 1922, 1920, 1920
1956, 1956, 1956, 1956, 1957, 1956, 1956
1985, 1985, 1985, 1985, 1985, 2124, 1985
1945, 1945, 1945, 1945, 1950, 1950, 1945
1966, 1966, 1966, 1966, 1966, 1966, 1966
1925, 1925, 1925, 1925, 1925, 1925, 1925
2002, 2002, 2002, 2002, 2002, 2006, 2004
1961, 1961, 1961, 1961, 1961, 1961, 2147
1954, 1954, 1954, 1954, 1954, 1954, 1959
1975, 1975, 1975, 1975, 1978, 1983, 1977
1957, 1957, 1957, 1957, 1957, 2131, 1957
1990, 1990, 1990, 1990, 1991, 1990, 1990
2021, 2021, 2021, 2021, 2021, 2021, 2164
1955, 1955, 1955, 1955, 1958, 1955, 1958
1985, 1985, 1985, 1986, 1989, 1988, 1985
1974, 1974, 1974, 1974, 1974, 1974, 2175
1935, 1935, 1935, 1935, 1935, 1935, 1935
2031, 2031, 2032, 2031, 2057, 2070, 2033
1983, 1983, 1983, 1983, 1983, 1984, 2169
1981, 1981, 1981, 1981, 1981, 2129, 1981
1969, 1969, 1969, 1969, 1969, 1969, 1969
1952, 1952, 1952, 1952, 1952, 1952, 1952
1930, 1930, 1930, 1930, 1930, 1930, 1930
1999, 1999, 1999, 1999, 2001, 1999, 2000
1987, 1987, 1987, 1987, 1987, 2003, 1987
1922, 1922, 1922, 1922, 1922, 1922, 1922
1989, 1989, 1989, 1989, 1989, 2150, 1989
1990, 1990, 1990, 1990, 1993, 1990, 1990
1949, 1949, 1949, 1949, 1950, 1949, 1949
1939, 1939, 1939, 1939, 2114, 1939, 1939
1972, 1972, 1972, 1972, 1972, 1972, 1972
1979, 1979, 1979, 1979, 2005, 2056, 1979
2014, 2014, 2014, 2014, 2014, 2127, 2145
2010, 2010, 2010, 2010, 2010, 2018, 2010
1912, 1912, 1912, 1912, 1912, 1912, 1912
1958, 1958, 1958, 1958, 1958, 1958, 1961
2007, 2007, 2007, 2055, 2007, 2141, 2168
1953, 1953, 1953, 1953, 1953, 1953, 1953
1959, 1959, 1959, 1959, 1959, 1959, 1959
1996, 1996, 1996, 1996, 1997, 1996, 1997
2001, 2001, 2001, 2001, 2006, 2005, 2001
1936, 1936, 1936, 1938, 1949, 1940, 1936
1971, 1971, 1971, 1971, 1971, 1971, 1971
1937, 1937, 1937, 1937, 1937, 1943, 1937
2016, 2016, 2016, 2016, 2017, 2019, 2017
2016, 2016, 2016, 2016, 2107, 2030, 2060
1966, 1966, 1966, 1966, 1966, 1978, 1966
1980, 1980, 1980, 1980, 1980, 1980, 1980
1913, 1913, 1913, 1913, 1913, 1913, 1913
1945, 1945, 1945, 1945, 1945, 1949, 1947
1911, 1911, 1911, 1911, 1911, 1911, 1911
2022, 2022, 2022, 2023, 2025, 2022, 2022
1925, 1925, 1925, 1925, 1925, 1925, 1925
1912, 1912, 1912, 1912, 1912, 1913, 1912
1995, 1995, 1995, 1995, 1996, 1996, 1995
1955, 1955, 1955, 1955, 1955, 2060, 1955
1905, 1905, 1905, 1905, 1905, 1905, 1905
1932, 1932, 1932, 1932, 1932, 1933, 1932
1981, 1981, 1981, 1981, 1981, 1982, 1981
1972, 1972, 1972, 1972, 1972, 1973, 1972
1953, 1953, 1953, 1953, 1953, 1953, 1953
1993, 1993, 1993, 1993, 1993, 1994, 2174
2021, 2021, 2021, 2021, 2021, 2031, 2021
1951, 1951, 1951, 1951, 1951, 1951, 1951
1989, 1989, 1989, 1989, 1989, 2147, 2162
1939, 1939, 1939, 1939, 1939, 1939, 1939
2058, 2058, 2058, 2076, 2058, 2153, 2105
1986, 1986, 1986, 1988, 1988, 1988, 1989
1997, 1997, 1997, 1997, 1997, 1998, 1997
1933, 1933, 1933, 1933, 1933, 2148, 1935
2024, 2024, 2024, 2025, 2024, 2024, 2138
1968, 1968, 1968, 1968, 1968, 1968, 1968
1955, 1955, 1955, 1955, 1955, 1955, 1955
1970, 1970, 1970, 1970, 1974, 1970, 1970
1974, 1974, 1974, 1974, 1974, 1974, 1974
1983, 1983, 1983, 1983, 1983, 1983, 1983
1989, 1989, 1989, 1989, 1989, 1991, 1989
1992, 1992, 1992, 1992, 2002, 1994, 1993
2007, 2007, 2007, 2007, 2009, 2007, 2007
1920, 1920, 1920, 1920, 1920, 1920, 1920
1999, 1999, 1999, 1999, 1999, 1999, 2001
1961, 1961, 1961, 1961, 1968, 1961, 1961
1997, 1997, 1997, 1997, 1997, 2126, 2166
1945, 1945, 1945, 1945, 1945, 1945, 1947
1982, 1982, 1982, 1985, 1982, 1982, 1982
1953, 1953, 1953, 1953, 1953, 1984, 1953
1927, 1927, 1927, 1927, 1927, 1927, 1927
1932, 1932, 1932, 1932, 1933, 1932, 1932
1984, 1984, 1984, 1984, 1984, 1989, 1984
1957, 1957, 1957, 1957, 1957, 1957, 1957
1962, 1962, 1962, 1962, 1962, 1963, 1962
1967, 1967, 1967, 1967, 1967, 1967, 2087
1951, 1951, 1951, 1951, 1951, 1951, 1951
1971, 1971, 1971, 1971, 1971, 1971, 2148
1951, 1951, 1951, 1951, 1952, 1953, 1951
1996, 1996, 1996, 1996, 1996, 2088, 1996
1992, 1992, 1992, 1992, 1992, 1993, 1992
2001, 2001, 2001, 2001, 2002, 2141, 2062
2042, 2042, 2042, 2042, 2042, 2050, 2130
1974, 1974, 1974, 1974, 1974, 1974, 1974
1959, 1959, 1959, 1959, 1959, 1959, 1959
1965, 1965, 1965, 1965, 1965, 1969, 1965
2023, 2023, 2023, 2023, 2023, 2035, 2025
1960, 1960, 1960, 1960, 1960, 1960, 1960
1964, 1964, 1964, 1964, 1964, 2155, 1964
1967, 1967, 1967, 1967, 1967, 1967, 2124
2017, 2017, 2017, 2017, 2019, 2017, 2017
1983, 1983, 1983, 1983, 1983, 1983, 1983
1963, 1963, 1963, 1963, 1966, 1963, 1963
1945, 1945, 1945, 1945, 1945, 1945, 1945
1964, 1964, 1964, 1964, 1964, 1964, 1964
1920, 1920, 1920, 1920, 1920, 1920, 1920
1971, 1971, 1971, 1971, 1971, 1971, 1971
1986, 1986, 1986, 1986, 1986, 2097, 1986
1942, 1942, 1942, 1942, 1942, 1942, 1942
1967, 1967, 1967, 1967, 1967, 1967, 1967
2009, 2009, 2009, 2009, 2010, 2010, 2009
1978, 1978, 1978, 1978, 1978, 1978, 1978
1979, 1979, 1979, 1979, 1979, 1980, 2165
1955, 1955, 1955, 1955, 1955, 1956, 1955
1967, 1967, 1967, 1967, 1967, 1967, 1967
1912, 1912, 1912, 1912, 1912, 1912, 1912
1993, 1993, 1993, 1993, 1995, 1999, 1993
1996, 1996, 1996, 1996, 1996, 1996, 1996
1955, 1955, 1955, 1955, 1955, 1958, 1955
1985, 1985, 1985, 1985, 1985, 1985, 1985
1988, 1988, 1988, 1988, 2008, 1988, 1988
1990, 1990, 1990, 1990, 1990, 1990, 1990
1980, 1980, 1980, 1980, 1980, 1981, 1982
2033, 2033, 2033, 2035, 2054, 2036, 2186
1948, 1948, 1948, 1948, 1948, 2172, 2129
1966, 1966, 1966, 1966, 1966, 1966, 1966
2005, 2005, 2005, 2005, 2005, 2109, 2121
1981, 1981, 1981, 1981, 1981, 2169, 1981
1962, 1962, 1962, 1962, 1962, 1962, 1962
1989, 1989, 1989, 1989, 1994, 1992, 1989
1949, 1949, 1949, 1949, 1949, 2153, 1949
1992, 1992, 1992, 1992, 1992, 1992, 1992
1923, 1923, 1923, 1923, 1923, 1923, 1923
2013, 2013, 2013, 2013, 2013, 2013, 2158
1880, 1880, 1880, 1880, 1880, 1880, 1880
1932, 1932, 1932, 1932, 1932, 1932, 1932
1985, 1985, 1985, 1985, 1985, 2104, 1990
2023, 2023, 2024, 2023, 2032, 2053, 2163
1968, 1968, 1968, 1968, 1968, 1969, 1968
1972, 1972, 1972, 1972, 1972, 1972, 1972
1953, 1953, 1953, 1953, 1953, 1953, 1953
2004, 2004, 2004, 2004, 2004, 2007, 2111
1986, 1986, 1986, 1986, 1986, 1988, 1986
1977, 1977, 1977, 1977, 1977, 1977, 1977
1989, 1989, 1989, 1989, 1989, 1989, 1989
1966, 1966, 1966, 1966, 1966, 1966, 1966
2038, 2038, 2038, 2043, 2043, 2038, 2152
1943, 1943, 1943, 1943, 1943, 1945, 1943
1948, 1948, 1948, 1948, 1948, 1948, 1948
1959, 1959, 1959, 1959, 1959, 1967, 1959
1957, 1957, 1957, 1957, 1957, 2168, 1957
1959, 1959, 1959, 1959, 1959, 1996, 2134
1983, 1983, 1983, 1983, 1983, 1983, 1983
2001, 2001, 2001, 2001, 2001, 2002, 2001
1925, 1925, 1925, 1925, 1925, 1925, 1925
1990, 1990, 1990, 1990, 1990, 2168, 1990
2012, 2012, 2012, 2012, 2012, 2014, 2012
1982, 1982, 1982, 1982, 1982, 1982, 1982
1973, 1973, 1973, 1973, 1973, 1973, 1973
2004, 2004, 2004, 2004, 2004, 2005, 2004
1950, 1950, 1950, 1950, 1951, 1951, 1950
1950, 1950, 1950, 1950, 1950, 1950, 1950
1993, 1993, 1993, 1993, 1993, 1993, 1993
1958, 1958, 1958, 1958, 1958, 1958, 1958
1981, 1981, 1981, 1981, 1994, 1994, 2133
1959, 1959, 1959, 1959, 1959, 1959, 1962
1938, 1938, 1938, 1938, 1938, 1938, 1938
2013, 2013, 2013, 2013, 2013, 2091, 2013
1963, 1963, 1963, 1963, 1963, 1965, 1963
1967, 1967, 1967, 1967, 1967, 1968, 1967
1984, 1984, 1984, 1984, 1987, 1988, 1989
1913, 1913, 1913, 1913, 1913, 1913, 1913
1968, 1968, 1968, 1968, 1968, 1970, 1968
2003, 2003, 2003, 2003, 2012, 2004, 2174
1995, 1995, 1995, 1995, 1995, 1998, 1995
2018, 2018, 2018, 2018, 2019, 2018, 2058
1941, 1941, 1941, 1941, 1941, 1941, 1941
2023, 2023, 2025, 2027, 2028, 2024, 2149
1983, 1983, 1983, 1983, 1983, 1989, 1983
2000, 2000, 2000, 2000, 2001, 2000, 2002
1991, 1991, 1991, 1991, 1991, 1991, 1991
2008, 2008, 2008, 2008, 2009, 2008, 2191
1924, 1924, 1924, 1924, 1924, 1924, 1924
1952, 1952, 1952, 1952, 1952, 1952, 1952
2036, 2036, 2036, 2039, 2073, 2046, 2037
2007, 2007, 2007, 2007, 2008, 2007, 2171
1934, 1934, 1934, 1934, 1934, 1934, 1934
1984, 1984, 1984, 1986, 1986, 1990, 1986
1982, 1982, 1982, 1982, 1982, 1986, 1982
1977, 1977, 1977, 1977, 1977, 1982, 1977
1929, 1929, 1929, 1929, 1929, 1929, 1929
1933, 1933, 1933, 1933, 1933, 1933, 1933
1944, 1944, 1944, 1944, 1944, 1944, 1944
1966, 1966, 1966, 1966, 1966, 1967, 1966
1920, 1920, 1920, 1920, 1920, 1920, 1920
1977, 1977, 1977, 1977, 1977, 1979, 1980
1951, 1951, 1951, 1951, 1951, 1951, 1951
1999, 1999, 1999, 1999, 2001, 2136, 1999
2003, 2003, 2003, 2005, 2003, 2003, 2007
1964, 1964, 1964, 1964, 1964, 1965, 1964
2008, 2008, 2008, 2008, 2008, 2008, 2008
1989, 1989, 1989, 1989, 1989, 1990, 1989
1966, 1966, 1966, 1966, 1966, 1967, 2137
1978, 1978, 1978, 1978, 1978, 1980, 1978
2005, 2005, 2005, 2005, 2007, 2005, 2005
1975, 1975, 1975, 1975, 1976, 1975, 1976
1941, 1941, 1941, 1941, 1946, 1941, 1941
2025, 2025, 2025, 2025, 2152, 2025, 2151
1961, 1961, 1961, 1961, 1961, 2143, 1961
1916, 1916, 1916, 1916, 1916, 1916, 1916
1950, 1950, 1950, 1950, 1950, 1950, 1950
1950, 1950, 1950, 1950, 1950, 1950, 1950
1962, 1962, 1962, 1962, 1963, 1964, 1962
1976, 1976, 1976, 1976, 1976, 1976, 1976
1936, 1936, 1936, 1936, 1936, 1936, 1936
2026, 2026, 2026, 2026, 2026, 2137, 2057
1968, 1968, 1968, 1968, 1968, 1968, 1968
1908, 1908, 1908, 1908, 1910, 1908, 1908
1977, 1977, 1977, 1977, 1977, 1977, 1977
1964, 1964, 1964, 1964, 1964, 1964, 1964
1969, 1969, 1969, 1969, 1970, 1969, 1969
1893, 1893, 1893, 1893, 1893, 1894, 1893
1899, 1899, 1899, 1899, 1899, 1899, 1899
1901, 1901, 1901, 1901, 1901, 1901, 1901
1952, 1952, 1952, 1952, 1952, 1952, 2029
1935, 1935, 1935, 1935, 1937, 1936, 1935
2003, 2003, 2003, 2003, 2003, 2003, 2132
1976, 1976, 1976, 1976, 1976, 1976, 1976
1980, 1980, 1980, 1980, 1982, 1980, 1980
1967, 1967, 1967, 1967, 1967, 1967, 2178
1981, 1981, 1981, 1981, 1981, 1981, 1982
1945, 1945, 1945, 1945, 1945, 1945, 1945
1996, 1996, 1996, 1996, 1996, 2086, 2146
2065, 2065, 2068, 2086, 2119, 2124, 2065
1998, 1998, 1998, 1998, 1998, 2003, 1998
1964, 1964, 1964, 1964, 1964, 1965, 1964
2008, 2008, 2008, 2008, 2008, 2009, 2008
2001, 2001, 2001, 2001, 2001, 2023, 2001
2012, 2012, 2012, 2012, 2046, 2046, 2163
1943, 1943, 1943, 1943, 1943, 1943, 1943
1972, 1972, 1972, 1972, 1972, 1972, 2178
2011, 2011, 2011, 2011, 2015, 2015, 2012
1917, 1917, 1917, 1917, 1917, 1917, 1917
1934, 1934, 1934, 1934, 1934, 1934, 1934
2043, 2043, 2043, 2044, 2044, 2043, 2176
1941, 1941, 1941, 1941, 1941, 1946, 2108
1938, 1938, 1938, 1938, 1938, 1938, 1938
1954, 1954, 1954, 1954, 1954, 1954, 1954
1955, 1955, 1955, 1955, 1956, 1957, 1956
2020, 2020, 2020, 2021, 2022, 2097, 2020
1955, 1955, 1955, 1955, 1955, 1958, 1955
1944, 1944, 1944, 1944, 1944, 1947, 1946
1937, 1937, 1937, 1937, 1937, 1937, 1937
1956, 1956, 1956, 1956, 1956, 1956, 1956
1929, 1929, 1929, 1929, 1929, 1929, 1929
1944, 1944, 1944, 1944, 1945, 1944, 1944
1947, 1947, 1947, 1947, 1947, 1947, 1947
1958, 1958, 1958, 1958, 1958, 1960, 1958
2020, 2020, 2020, 2020, 2020, 2023, 2020
1982, 1982, 1982, 1982, 1983, 1984, 1983
1944, 1944, 1944, 1944, 1944, 1952, 1944
1949, 1949, 1949, 1949, 1949, 1949, 1949
1925, 1925, 1925, 1925, 1925, 1925, 1925
1946, 1946, 1946, 1946, 1946, 1947, 2173
1961, 1961, 1961, 1961, 1961, 1962, 1962
2007, 2008, 2008, 2008, 2008, 2008, 2008
2008, 2008, 2008, 2008, 2008, 2008, 2008
1936, 1936, 1936, 1936, 1936, 1936, 1936
1997, 1997, 1997, 1997, 1997, 1998, 1997
2002, 2002, 2002, 2002, 2002, 2081, 2002
1946, 1946, 1946, 1946, 1946, 1946, 2089
1976, 1976, 1976, 1976, 1978, 1979, 2105
2005, 2005, 2005, 2005, 2005, 2005, 2118
2013, 2013, 2013, 2014, 2014, 2013, 2168
1962, 1962, 1962, 1962, 1962, 1962, 1962
1972, 1972, 1972, 1972, 1973, 1972, 1972
1968, 1968, 1968, 1968, 1968, 1968, 1968
1964, 1964, 1964, 1964, 1964, 1964, 1964
2009, 2009, 2009, 2009, 2009, 2023, 2171
1993, 1993, 1993, 1993, 1993, 1993, 2167
2019, 2019, 2019, 2019, 2021, 2019, 2073
1945, 1945, 1945, 1945, 1945, 1945, 1945
1959, 1959, 1959, 1959, 1959, 1959, 1959
1974, 1974, 1974, 1974, 1974, 1974, 1974
1980, 1980, 1980, 1980, 1980, 1980, 1980
2016, 2016, 2016, 2016, 2031, 2016, 2033
1972, 1972, 1972, 1973, 1972, 1973, 1972
1990, 1990, 1990, 1990, 1990, 1990, 1990
1948, 1948, 1948, 1948, 1948, 1948, 1948
1952, 1952, 1952, 1952, 1952, 1952, 1952
1961, 1961, 1961, 1961, 1962, 1961, 1965
1955, 1955, 1955, 1955, 1955, 1955, 1955
1937, 1937, 1937, 1937, 1937, 1937, 1937
1893, 1893, 1893, 1893, 1893, 1893, 2137
2004, 2004, 2004, 2004, 2004, 2004, 2142
1967, 1967, 1967, 1967, 1967, 1967, 1967
1948, 1948, 1948, 1948, 1948, 1948, 1949
1929, 1929, 1929, 1929, 1929, 1930, 1929
1973, 1973, 1973, 1973, 1973, 1973, 2095
1955, 1955, 1955, 1955, 1958, 1957, 1955
1970, 1970, 1970, 1970, 1970, 2031, 1970
1976, 1976, 1976, 1976, 1976, 1976, 1976
1947, 1947, 1947, 1947, 1947, 1947, 2167
1987, 1987, 1987, 1987, 1987, 1987, 1987
1995, 1995, 1995, 1995, 1995, 1998, 1995
1973, 1973, 1973, 1973, 1973, 2106, 2155
1979, 1979, 1979, 1979, 1981, 2103, 1979
1965, 1965, 1965, 1965, 1965, 1965, 1965
1973, 1973, 1973, 1973, 1973, 2137, 1973
1978, 1978, 1978, 1978, 1978, 1978, 2148
1919, 1919, 1919, 1919, 1919, 1919, 1919
1959, 1959, 1959, 1959, 1959, 1960, 1959
2014, 2014, 2014, 2014, 2014, 2147, 2014
1923, 1923, 1923, 1923, 1923, 1925, 1923
1965, 1965, 1965, 1965, 1965, 1965, 1965
1935, 1935, 1935, 1935, 1936, 1935, 2180
1970, 1970, 1970, 1970, 1970, 1970, 1970
1953, 1953, 1953, 1953, 1953, 1953, 1953
1960, 1960, 1960, 1960, 1960, 1960, 2151
2012, 2012, 2012, 2012, 2012, 2073, 2012
1980, 1980, 1980, 1980, 1980, 1980, 1981
1964, 1964, 1964, 1964, 1964, 1964, 1969
1955, 1955, 1955, 1955, 1955, 1956, 1955
1983, 1983, 1983, 1983, 1983, 1983, 2154
1984, 1984, 1984, 1984, 1984, 1984, 1984
1955, 1955, 1955, 1955, 1955, 1955, 1955
2015, 2015, 2015, 2015, 2015, 2098, 2015
1935, 1935, 1935, 1935, 1935, 1935, 1935
1946, 1946, 1946, 1946, 1946, 1946, 1946
1989, 1989, 1989, 1989, 1989, 1989, 1989
1937, 1937, 1937, 1937, 1937, 1937, 1937
1963, 1963, 1963, 1963, 1963, 1963, 1963
1950, 1950, 1950, 1950, 1950, 1950, 1950
1986, 1986, 1986, 1986, 1986, 1986, 1986
1923, 1923, 1923, 1923, 1923, 1923, 1923
1984, 1984, 1984, 1984, 2001, 1984, 1984
1959, 1959, 1959, 1959, 1959, 1959, 1959
2018, 2018, 2018, 2018, 2018, 2033, 2171
2024, 2024, 2024, 2024, 2024, 2146, 2148
1945, 1945, 1945, 1945, 1945, 2177, 1945
1938, 1938, 1938, 1938, 1938, 1938, 1938
1949, 1949, 1949, 1949, 1949, 1949, 1949
1966, 1966, 1966, 1966, 1966, 1966, 1966
1989, 1989, 1989, 1989, 1989, 1992, 1992
1987, 1987, 1987, 1987, 1987, 1987, 1987
1999, 1999, 1999, 1999, 2004, 2004, 1999
1993, 1993, 1993, 1993, 1993, 1993, 1993
1994, 1994, 1994, 1994, 1995, 1994, 1994
2016, 2016, 2016, 2016, 2016, 2016, 2151
1983, 1983, 1983, 1983, 1983, 1983, 1983
1974, 1974, 1974, 1974, 1974, 1975, 1974
1936, 1936, 1936, 1936, 1936, 1940, 1940
2024, 2024, 2024, 2024, 2024, 2024, 2027
1933, 1933, 1933, 1933, 1933, 1933, 1933
2000, 2000, 2000, 2000, 2000, 2000, 2000
1931, 1931, 1931, 1931, 1931, 1932, 1931
1966, 1966, 1966, 1966, 1967, 1966, 2165
1976, 1976, 1976, 1976, 1976, 2113, 1976
1959, 1959, 1959, 1959, 1959, 1959, 1959
2017, 2017, 2017, 2017, 2017, 2135, 2017
1976, 1976, 1976, 1976, 1976, 1976, 1976
2021, 2021, 2021, 2021, 2093, 2023, 2141
1948, 1948, 1948, 1948, 1948, 1948, 1948
1964, 1964, 1964, 1964, 1964, 1965, 1964
1964, 1964, 1964, 1964, 1964, 1968, 2170
1952, 1952, 1952, 1952, 1952, 1952, 1952
2035, 2039, 2036, 2039, 2069, 2065, 2040
1973, 1973, 1973, 1975, 1973, 1975, 1973
1990, 1990, 1990, 1990, 1990, 1993, 1997
1984, 1984, 1984, 1984, 1984, 1984, 1984
1979, 1979, 1979, 1979, 1979, 2085, 1979
2019, 2019, 2019, 2019, 2128, 2106, 2019
1980, 1980, 1980, 1980, 1980, 1980, 1980
1896, 1896, 1896, 1896, 1896, 1896, 1896
1948, 1948, 1948, 1948, 1948, 1948, 1948
2000, 2000, 2000, 2001, 2000, 2005, 2005
2018, 2018, 2018, 2018, 2035, 2024, 2029
1953, 1953, 1953, 1953, 1953, 1953, 1953
1945, 1945, 1945, 1945, 1945, 1945, 1945
1979, 1979, 1979, 1979, 1979, 1979, 1979
1988, 1988, 1988, 1988, 1989, 2129, 1988
1954, 1954, 1954, 1954, 1954, 1954, 1954
1995, 1995, 1995, 1995, 1995, 2147, 1995
1997, 1997, 1997, 1997, 1997, 1997, 1997
1973, 1973, 1973, 1973, 1973, 1974, 1973
1998, 1998, 1998, 1998, 1999, 1998, 1998
1952, 1952, 1952, 1952, 1952, 1952, 1952
2007, 2007, 2007, 2007, 2008, 2007, 2007
1943, 1943, 1943, 1943, 1943, 1943, 1943
1982, 1982, 1982, 1982, 1984, 1982, 2147
1972, 1972, 1972, 1972, 1972, 1972, 1972
1950, 1950, 1950, 1950, 1950, 1950, 1950
1950, 1950, 1950, 1950, 1950, 1950, 2128
1988, 1988, 1988, 1988, 1988, 1989, 1988
1962, 1962, 1962, 1962, 1962, 2120, 1962
2006, 2006, 2006, 2010, 2006, 2013, 2147
1943, 1943, 1943, 1943, 1943, 2152, 1943
1904, 1904, 1904, 1904, 1904, 1904, 1904
1973, 1973, 1973, 1973, 1973, 1973, 1973
1959, 1959, 1959, 1959, 1959, 1959, 1959
2010, 2010, 2010, 2010, 2016, 2016, 2144
2054, 2056, 2054, 2058, 2070, 2057, 2177
1955, 1955, 1955, 1955, 1955, 1956, 1955
2011, 2011, 2011, 2011, 2100, 2013, 2118
1956, 1956, 1956, 1956, 1956, 1956, 1956
2013, 2013, 2013, 2013, 2013, 2111, 2013
1967, 1967, 1967, 1967, 1967, 1967, 1967
1975, 1975, 1975, 1975, 1975, 2118, 1975
2013, 2013, 2013, 2013, 2013, 2015, 2149
2020, 2020, 2020, 2022, 2023, 2020, 2103
2001, 2001, 2001, 2001, 2001, 2089, 2001
1936, 1936, 1936, 1936, 1936, 1936, 1936
2025, 2025, 2025, 2025, 2025, 2025, 2162
1961, 1961, 1961, 1961, 1963, 1961, 1961
1969, 1969, 1969, 1969, 1969, 1969, 1969
1925, 1925, 1925, 1925, 1925, 1925, 2135
1961, 1961, 1961, 1961, 1962, 1963, 1962
1978, 1978, 1978, 1978, 1978, 1978, 2123
2010, 2010, 2010, 2010, 2011, 2010, 2010
1982, 1982, 1982, 1982, 1982, 1985, 1983
2001, 2001, 2001, 2001, 2001, 2128, 2001
1921, 1921, 1921, 1921, 1921, 1921, 1921
2018, 2018, 2018, 2018, 2019, 2032, 2018
2027, 2027, 2027, 2027, 2036, 2140, 2035
2008, 2008, 2008, 2011, 2016, 2018, 2008
1970, 1970, 1970, 1970, 1970, 2110, 1970
1943, 1943, 1943, 1943, 1943, 1943, 1943
1970, 1970, 1970, 1970, 1970, 1970, 1970
1962, 1962, 1962, 1962, 1962, 1962, 2162
1992, 1992, 1992, 1992, 1992, 1992, 1992
1944, 1944, 1944, 1944, 1944, 1944, 1944
2006, 2006, 2006, 2006, 2006, 2158, 2006
1944, 1944, 1944, 1944, 1944, 1944, 1944
1930, 1930, 1930, 1930, 1930, 1930, 1930
1901, 1901, 1901, 1901, 1901, 1901, 1901
1970, 1970, 1970, 1970, 1970, 1970, 1970
1995, 1995, 1995, 1995, 1997, 1999, 1995
1961, 1961, 1961, 1961, 1961, 1961, 1961
2044, 2044, 2044, 2062, 2044, 2050, 2163
2010, 2010, 2010, 2010, 2012, 2010, 2010
1959, 1959, 1959, 1959, 1959, 1959, 1959
1957, 1957, 1957, 1957, 1957, 1957, 2158
1973, 1973, 1973, 1973, 1973, 1973, 1973
1984, 1984, 1984, 1984, 1984, 1984, 1984
1986, 1986, 1986, 1986, 1986, 1986, 1986
1953, 1953, 1953, 1953, 1953, 1953, 1953
1948, 1948, 1948, 1948, 1948, 1948, 1948
2015, 2015, 2015, 2016, 2015, 2016, 2015
2035, 2035, 2035, 2035, 2035, 2050, 2106
1994, 1994, 1994, 1994, 1994, 1994, 1994
2001, 2001, 2001, 2001, 2001, 2054, 2001
1978, 1978, 1978, 1978, 1978, 1979, 1978
2076, 2077, 2082, 2081, 2082, 2090, 2144
2022, 2022, 2022, 2022, 2022, 2136, 2037
1963, 1963, 1963, 1963, 1963, 1965, 1966
2049, 2050, 2049, 2063, 2064, 2062, 2052
1925, 1925, 1925, 1925, 1925, 1925, 1925
1990, 1990, 1990, 1990, 1991, 1990, 1990
1986, 1986, 1986, 1986, 1986, 1986, 1986
1916, 1916, 1916, 1916, 1916, 1916, 1916
1954, 1954, 1954, 1954, 1954, 1954, 1954
1967, 1967, 1967, 1967, 1967, 1967, 1967
1969, 1969, 1969, 1970, 1972, 1970, 1973
1998, 1998, 1998, 1998, 2002, 1998, 2005
1979, 1979, 1979, 1979, 1979, 1980, 2146
1927, 1927, 1927, 1927, 1927, 1927, 1927
1963, 1963, 1963, 1963, 1963, 1963, 1963
1995, 1995, 1995, 1995, 2000, 1995, 1999
1948, 1948, 1948, 1948, 1948, 2159, 1948
2006, 2006, 2006, 2006, 2006, 2019, 2006
2031, 2031, 2031, 2031, 2031, 2041, 2031
1961, 1961, 1961, 1961, 1961, 1961, 1961
1962, 1962, 1962, 1962, 1962, 1963, 2173
1934, 1934, 1934, 1934, 1934, 1934, 1934
1930, 1930, 1930, 1930, 1930, 1930, 1930
2024, 2024, 2024, 2025, 2026, 2024, 2025
1948, 1948, 1948, 1948, 1952, 1948, 1948
1968, 1968, 1968, 1968, 1968, 1968, 1968
1986, 1986, 1986, 1986, 1986, 1997, 1986
1899, 1899, 1899, 1899, 1899, 1899, 1899
2061, 2061, 2061, 2061, 2061, 2061, 2143
1964, 1964, 1964, 1964, 1964, 2178, 1992
1925, 1925, 1925, 1925, 1925, 1925, 1925
1985, 1985, 1985, 1985, 1985, 1985, 2135
1993, 1993, 1993, 1993, 1993, 1994, 1993
1949, 1949, 1949, 1949, 1949, 2177, 1949
1910, 1910, 1910, 1910, 1910, 1910, 1910
1995, 1995, 1995, 1995, 1995, 1995, 1995
1926, 1926, 1926, 1926, 1926, 1926, 2186
1922, 1922, 1922, 1922, 1922, 1922, 1922
1977, 1977, 1977, 1977, 1978, 1977, 1981
1984, 1984, 1984, 1984, 1984, 1984, 1987
1932, 1932, 1932, 1932, 1932, 1932, 1938
1990, 1990, 1990, 1990, 1990, 1991, 1990
1955, 1955, 1955, 1955, 1958, 1955, 1958
1991, 1991, 1991, 1991, 1992, 1994, 1991
1962, 1962, 1962, 1962, 1962, 1962, 1962
1977, 1977, 1977, 1977, 1977, 1977, 2135
1931, 1931, 1931, 1931, 1931, 1931, 1931
1981, 1981, 1981, 1981, 1981, 1983, 1981
1982, 1982, 1982, 1982, 1985, 2141, 1984
1978, 1978, 1978, 1978, 1978, 1978, 2147
1970, 1970, 1970, 1970, 1970, 1970, 2134
1958, 1958, 1958, 1958, 1958, 1958, 2177
1971, 1971, 1971, 1971, 1971, 2088, 1971
2024, 2024, 2024, 2024, 2024, 2024, 2024
1930, 1930, 1930, 1930, 1930, 1932, 1930
1935, 1935, 1935, 1935, 1935, 1935, 1935
1954, 1954, 1954, 1954, 1955, 1957, 1954
1943, 1943, 1943, 1943, 1943, 1943, 1943
1968, 1968, 1968, 1968, 1968, 1973, 1968
1929, 1929, 1929, 1929, 1929, 1929, 1929
2003, 2003, 2003, 2003, 2003, 2015, 2003
1984, 1984, 1984, 1984, 1984, 1984, 1984
1967, 1967, 1967, 1970, 1967, 1980, 1967
1932, 1932, 1932, 1932, 1932, 1932, 1932
1942, 1942, 1942, 1942, 1942, 1942, 1942
1966, 1966, 1966, 1966, 1966, 1966, 1966
1947, 1947, 1947, 1947, 1947, 1947, 1947
1938, 1938, 1938, 1938, 1938, 1938, 1938
1993, 1993, 1993, 1993, 1993, 2000, 1993
1944, 1944, 1944, 1944, 1944, 1944, 1944
2011, 2011, 2011, 2017, 2011, 2144, 2011
1934, 1934, 1934, 1934, 1934, 1934, 1934
1966, 1966, 1966, 1966, 1966, 1967, 1966
1961, 1961, 1961, 1961, 1966, 1963, 2122
1991, 1991, 1991, 1991, 1991, 1993, 2189
1935, 1935, 1935, 1935, 1935, 1936, 1936
1969, 1969, 1969, 1969, 1972, 1971, 1969
1992, 1992, 1992, 1992, 1992, 1992, 1992
1983, 1983, 1983, 1983, 1983, 2145, 2099
1972, 1972, 1972, 1972, 1972, 1972, 1972
1955, 1955, 1955, 1955, 1955, 1955, 1955
1941, 1941, 1941, 1941, 1941, 1941, 1941
1978, 1978, 1978, 1978, 1978, 1978, 1978
2020, 2020, 2020, 2020, 2023, 2020, 2026
1954, 1954, 1954, 1954, 1954, 1954, 1954
1958, 1958, 1958, 1958, 1958, 1958, 1958
1987, 1987, 1987, 1987, 1987, 1987, 1987
1971, 1971, 1971, 1971, 1971, 1971, 1971
1958, 1958, 1958, 1958, 1958, 1958, 1958
1999, 1999, 1999, 1999, 1999, 2005, 1999
1993, 1993, 1993, 1993, 1994, 1994, 1993
1956, 1956, 1956, 1957, 1956, 1956, 1956
1976, 1976, 1976, 1976, 1976, 1976, 1976
2025, 2025, 2025, 2025, 2025, 2025, 2098
1965, 1965, 1965, 1965, 1965, 1967, 1965
2002, 2002, 2002, 2002, 2002, 2005, 2002
1999, 1999, 1999, 1999, 1999, 1999, 1999
1918, 1918, 1918, 1918, 1918, 1919, 1918
1954, 1954, 1954, 1954, 1954, 1954, 1954
1975, 1975, 1975, 1975, 1975, 1975, 1975
1954, 1954, 1954, 1954, 1954, 1954, 1954
1964, 1964, 1964, 1964, 1964, 1964, 1964
1938, 1938, 1938, 1938, 1938, 1938, 2129
1964, 1964, 1964, 1965, 1964, 1965, 1965
2026, 2026, 2026, 2026, 2026, 2036, 2027
1967, 1967, 1967, 1967, 1967, 1967, 2160
2019, 2019, 2019, 2019, 2019, 2067, 2019
1917, 1917, 1917, 1917, 1917, 1917, 1917
2014, 2014, 2014, 2015, 2014, 2125, 2015
2008, 2008, 2008, 2008, 2008, 2008, 2008
1978, 1978, 1978, 1978, 1978, 1978, 1978
1969, 1969, 1969, 1969, 1969, 1970, 1969
1991, 1991, 1991, 1991, 1991, 1991, 2143
1971, 1971, 1971, 1971, 1971, 1971, 1971
1962, 1962, 1962, 1962, 1962, 1962, 1962
2006, 2006, 2006, 2006, 2007, 2006, 2006
1956, 1956, 1956, 1956, 1956, 1956, 1959
1949, 1949, 1949, 1949, 1949, 1949, 1949
1908, 1908, 1908, 1908, 1908, 1908, 1908
1931, 1931, 1931, 1931, 1931, 1931, 2138
2003, 2003, 2003, 2003, 2003, 2009, 2008
1960, 1960, 1960, 1960, 1960, 1960, 1960
1991, 1991, 1991, 1991, 1991, 1991, 1991
1966, 1966, 1966, 1966, 1966, 1966, 1972
1972, 1972, 1972, 1972, 1972, 1972, 1972
1963, 1963, 1963, 1963, 1963, 1964, 1963
1990, 1990, 1990, 1990, 1993, 1990, 1990
1958, 1958, 1958, 1958, 1958, 2175, 1958
1944, 1944, 1944, 1944, 1945, 1951, 1944
1968, 1968, 1968, 1968, 1968, 1968, 1968
1962, 1962, 1962, 1962, 1962, 1963, 2126
1922, 1922, 1922, 1922, 1922, 1922, 1922
2000, 2000, 2000, 2000, 2000, 2109, 2001
1922, 1922, 1922, 1922, 1922, 1922, 1922
1942, 1942, 1942, 1942, 1942, 1942, 1942
1956, 1956, 1956, 1956, 1956, 1958, 1956
1952, 1952, 1952, 1952, 1952, 2161, 1952
2026, 2026, 2026, 2026, 2034, 2040, 2027
2022, 2022, 2025, 2022, 2031, 2148, 2025
1979, 1979, 1979, 1979, 1980, 1979, 1980
2034, 2034, 2035, 2037, 2035, 2040, 2139
1947, 1947, 1947, 1947, 1947, 1947, 1947
1947, 1947, 1947, 1947, 1947, 1947, 1947
1954, 1954, 1954, 1954, 1954, 1954, 2132
2034, 2034, 2041, 2034, 2034, 2051, 2034
1969, 1969, 1969, 1969, 1969, 1969, 2175
1968, 1968, 1968, 1968, 1968, 2134, 1968
1958, 1958, 1958, 1958, 1958, 1958, 1958
1975, 1975, 1975, 1975, 1975, 1975, 1975
1920, 1920, 1920, 1920, 1920, 1920, 1920
1941, 1941, 1941, 1941, 1941, 1941, 1941
1976, 1976, 1976, 1976, 1976, 1976, 1976
1943, 1943, 1943, 1943, 1943, 1943, 1943
2012, 2012, 2012, 2012, 2012, 2012, 2012
1969, 1969, 1969, 1969, 1969, 1969, 1969
1934, 1934, 1934, 1934, 1934, 1934, 1934
1970, 1970, 1970, 1970, 1970, 2120, 1970
1957, 1957, 1957, 1957, 1959, 1959, 1957
1971, 1971, 1971, 1971, 1971, 1971, 1971
1903, 1903, 1903, 1903, 1903, 1903, 1903
1970, 1970, 1970, 1970, 1970, 1970, 1970
1988, 1988, 1988, 1988, 1988, 1988, 1988
2008, 2008, 2008, 2008, 2028, 2008, 2008
1965, 1965, 1965, 1965, 1965, 1965, 2178
1992, 1992, 1992, 1992, 1992, 1997, 2080
1921, 1921, 1921, 1921, 1921, 1922, 1921
1963, 1963, 1963, 1963, 1963, 1963, 1963
1922, 1922, 1922, 1922, 1922, 1922, 1922
1941, 1941, 1941, 1941, 1941, 1946, 1941
1954, 1954, 1954, 1954, 1954, 1956, 1954
1941, 1941, 1941, 1941, 1941, 1941, 1941
1942, 1942, 1942, 1942, 1942, 1944, 1942
1955, 1955, 1955, 1956, 1955, 1956, 1955
1987, 1987, 1987, 1988, 1987, 1987, 1987
1951, 1951, 1951, 1952, 1951, 1951, 1951
1931, 1931, 1931, 1931, 1931, 1931, 1931
1979, 1979, 1979, 1979, 1979, 1979, 1982
1902, 1902, 1902, 1902, 1902, 1902, 1902
1968, 1968, 1968, 1968, 1968, 2135, 1968
2013, 2013, 2013, 2014, 2016, 2019, 2013
1942, 1942, 1942, 1942, 1942, 1942, 1942
1958, 1958, 1958, 1958, 1958, 1961, 1958
1899, 1899, 1899, 1899, 1899, 1899, 1899
1970, 1970, 1970, 1970, 1970, 1970, 1970
1991, 1991, 1991, 1991, 1991, 1991, 1991
1987, 1987, 1987, 1987, 1987, 1999, 2151
1986, 1986, 1986, 1986, 1986, 1986, 1986
1959, 1959, 1959, 1959, 1959, 1959, 1959
1977, 1977, 1977, 1977, 1977, 1977, 1977
1911, 1911, 1911, 1911, 1911, 1915, 1911
1955, 1955, 1955, 1955, 1955, 1955, 1955
1988, 1988, 1988, 1988, 1988, 1990, 1988
1957, 1957, 1957, 1957, 1957, 1957, 1957
1968, 1968, 1968, 1968, 1968, 1969, 1968
1978, 1978, 1978, 1978, 1978, 1978, 1978
2014, 2014, 2015, 2014, 2015, 2018, 2014
1953, 1953, 1953, 1953, 1953, 1953, 1953
1969, 1969, 1969, 1969, 1969, 1969, 1969
1944, 1944, 1944, 1944, 1944, 1954, 2167
1946, 1946, 1946, 1946, 1946, 1946, 1946
1970, 1970, 1970, 1970, 1970, 1971, 1973
2000, 2000, 2000, 2000, 2000, 2000, 2139
1991, 1991, 1991, 1991, 1991, 1993, 1991
2000, 2000, 2000, 2000, 2000, 2000, 2000
1963, 1963, 1963, 1963, 1963, 1963, 1964
1932, 1932, 1932, 1932, 1932, 1937, 1932
1963, 1963, 1963, 1963, 1963, 1963, 1963
1997, 1997, 1997, 1997, 1997, 2004, 2158
1936, 1936, 1936, 1936, 1936, 2179, 1936
1988, 1988, 1988, 1988, 1988, 2038, 1988
2008, 2008, 2008, 2009, 2008, 2024, 2095
2010, 2010, 2010, 2010, 2098, 2010, 2131
1956, 1956, 1956, 1956, 1956, 1956, 1956
1937, 1937, 1937, 1937, 1939, 1938, 2154
1963, 1963, 1963, 1963, 1965, 1963, 1963
1976, 1976, 1976, 1976, 1977, 1977, 1976
1922, 1922, 1922, 1922, 1922, 1922, 1922
1963, 1963, 1963, 1963, 1964, 1963, 1963
1962, 1962, 1962, 1962, 1962, 1962, 1962
1919, 1919, 1919, 1919, 1919, 1919, 1919
1938, 1938, 1938, 1938, 1938, 1940, 1938
1978, 1978, 1978, 1978, 1978, 1978, 1978
1996, 1996, 1996, 1996, 1998, 1996, 1998
1958, 1958, 1958, 1958, 1958, 1969, 1958
1967, 1967, 1967, 1967, 1967, 2113, 1968
1971, 1971, 1971, 1971, 1971, 1971, 1971
1950, 1950, 1950, 1950, 1950, 1950, 1950
1957, 1957, 1957, 1957, 1957, 1967, 1957
1993, 1993, 1993, 1993, 1993, 1993, 1993
1980, 1980, 1980, 1980, 1987, 1980, 1987
2000, 2000, 2000, 2000, 2000, 2003, 2086
1969, 1969, 1969, 1969, 1969, 1971, 1969
1961, 1961, 1961, 1961, 1962, 1963, 1961
1993, 1993, 1993, 1993, 1993, 1993, 1995
2012, 2012, 2012, 2012, 2012, 2017, 2017
1983, 1983, 1983, 1983, 1983, 1983, 2194
2008, 2008, 2008, 2008, 2011, 2008, 2008
1966, 1966, 1966, 1966, 1966, 1966, 2116
1929, 1929, 1929, 1929, 1929, 1929, 1929
1948, 1948, 1948, 1948, 1948, 1948, 1948
1928, 1928, 1928, 1928, 1929, 1929, 1929
1985, 1985, 1985, 1985, 1985, 1986, 1985
1994, 1994, 1994, 1994, 1994, 1994, 2127
1942, 1942, 1942, 1942, 1943, 1942, 1942
1971, 1971, 1971, 1971, 1971, 1971, 1971
1966, 1966, 1966, 1966, 1966, 2135, 1966
1946, 1946, 1946, 1946, 1946, 1947, 1946
1914, 1914, 1914, 1914, 1914, 1914, 1914
1968, 1968, 1968, 1968, 1968, 1968, 1968
1981, 1981, 1981, 1981, 1984, 1981, 1981
1983, 1983, 1983, 1983, 1983, 1989, 1994
2003, 2003, 2004, 2004, 2005, 2006, 2004
1962, 1962, 1962, 1962, 1962, 1962, 1962
1971, 1971, 1971, 1971, 1971, 1971, 1971
2009, 2009, 2009, 2009, 2009, 2023, 2123
1985, 1985, 1985, 1985, 1985, 1991, 1985
1955, 1955, 1955, 1955, 1955, 1955, 1955
1988, 1988, 1988, 1988, 1989, 1989, 1988
1977, 1977, 1977, 1977, 1977, 1978, 1977
1920, 1920, 1920, 1920, 1920, 1920, 1920
1967, 1967, 1967, 1967, 1967, 1968, 1967
2000, 2000, 2000, 2000, 2000, 2000, 2000
2015, 2015, 2015, 2015, 2095, 2018, 2103
1920, 1920, 1920, 1920, 1923, 1920, 1920
1975, 1975, 1975, 1975, 1975, 2089, 1975
1949, 1949, 1949, 1949, 1949, 1950, 1949
1916, 1916, 1916, 1916, 1916, 1916, 1916
2010, 2010, 2010, 2010, 2010, 2011, 2011
1975, 1975, 1975, 1975, 1976, 1975, 1975
1920, 1920, 1920, 1920, 1920, 1920, 1920
1973, 1973, 1973, 1973, 1973, 1973, 2109
1986, 1986, 1986, 1986, 1986, 1986, 1986
1963, 1963, 1963, 1963, 1963, 1963, 1963
1962, 1962, 1962, 1962, 1962, 1962, 1962
1934, 1934, 1934, 1934, 1934, 1934, 1934
1902, 1902, 1902, 1902, 1902, 1902, 1902
2007, 2007, 2007, 2007, 2015, 2008, 2117
1902, 1902, 1902, 1902, 1902, 1902, 1902
1960, 1960, 1960, 1960, 1960, 1960, 1960
1980, 1980, 1980, 1980, 1980, 1980, 1980
1971, 1971, 1971, 1971, 1971, 1971, 1971
1901, 1901, 1901, 1901, 1901, 1902, 1901
1944, 1944, 1944, 1944, 1944, 1944, 1944
1997, 1997, 1997, 1997, 1997, 1999, 1997
1966, 1966, 1966, 1966, 1966, 1966, 1966
1974, 1974, 1974, 1977, 1974, 1977, 1974
2020, 2020, 2020, 2020, 2020, 2038, 2149
2010, 2010, 2010, 2010, 2012, 2010, 2010
2028, 2028, 2028, 2028, 2028, 2028, 2028
1937, 1937, 1937, 1937, 1937, 1937, 1937
1979, 1979, 1979, 1979, 1979, 1980, 1979
1977, 1977, 1977, 1977, 1977, 1988, 1977
1961, 1961, 1961, 1961, 1961, 1961, 1961
1960, 1960, 1960, 1960, 1971, 1961, 1960
1963, 1963, 1963, 1964, 1964, 1965, 1964
1992, 1992, 1992, 1992, 1992, 1992, 1992
1988, 1988, 1988, 1988, 1988, 1988, 1989
1956, 1956, 1956, 1956, 1956, 1956, 1956
1928, 1928, 1928, 1928, 1928, 1928, 1928
1969, 1969, 1969, 1969, 1969, 1969, 1969
1987, 1987, 1987, 1987, 1988, 1988, 2035
2021, 2021, 2021, 2021, 2021, 2101, 2021
1998, 1998, 1998, 1998, 1998, 1998, 1998
2003, 2003, 2003, 2003, 2003, 2003, 2078
1909, 1909, 1909, 1909, 1909, 1909, 1909
1957, 1957, 1957, 1957, 1957, 1957, 1957
1976, 1976, 1976, 1976, 1976, 1976, 1976
1954, 1954, 1954, 1954, 1954, 1954, 1954
1990, 1990, 1990, 1990, 1993, 2036, 2163
1963, 1963, 1963, 1963, 1963, 1963, 1963
1927, 1927, 1927, 1927, 1927, 1927, 1927
1995, 1995, 1995, 1995, 1995, 1995, 1995
2014, 2014, 2014, 2014, 2014, 2014, 2186
1996, 1996, 1996, 1996, 1996, 1996, 1996
1944, 1944, 1944, 1944, 1944, 1945, 1944
1971, 1971, 1971, 1971, 1971, 1972, 1971
1981, 1981, 1981, 1981, 1981, 1981, 2139
1931, 1931, 1931, 1931, 1931, 1931, 1931
1937, 1937, 1937, 1937, 1937, 1937, 1937
1940, 1940, 1940, 1940, 1940, 1940, 1940
2014, 2014, 2014, 2014, 2014, 2017, 2014
1936, 1936, 1936, 1936, 1936, 1936, 1936
2039, 2044, 2041, 2039, 2039, 2046, 2118
1959, 1959, 1959, 1959, 1959, 1988, 1959
1963, 1963, 1963, 1963, 1963, 2163, 1963
1923, 1923, 1923, 1923, 1923, 1923, 1923
1977, 1977, 1977, 1977, 1977, 1977, 1977
1986, 1986, 1986, 1986, 1988, 1989, 1988
1968, 1968, 1968, 1968, 1968, 1969, 1969
1988, 1988, 1988, 1988, 1996, 1988, 1988
1959, 1959, 1959, 1959, 1959, 1959, 1959
1998, 1998, 1998, 1998, 1998, 1998, 1998
1933, 1933, 1933, 1933, 1933, 1933, 1933
1980, 1980, 1980, 1980, 1980, 1980, 1980
1948, 1948, 1948, 1948, 1948, 1948, 1948
1947, 1947, 1947, 1947, 1947, 1947, 1947
1936, 1936, 1936, 1936, 1936, 1939, 1936
1925, 1925, 1925, 1925, 1926, 1925, 1925
1940, 1940, 1940, 1940, 1940, 1940, 1940
1935, 1935, 1935, 1935, 1935, 2064, 1935
1989, 1989, 1989, 1990, 1990, 1992, 1992
1952, 1952, 1952, 1952, 1952, 1952, 1952
2023, 2023, 2023, 2023, 2027, 2131, 2023
1959, 1959, 1959, 1959, 1960, 2135, 1959
1948, 1948, 1948, 1948, 1948, 1948, 1949
1939, 1939, 1939, 1939, 1939, 1939, 1939
1961, 1961, 1961, 1961, 1961, 1961, 2189
1975, 1975, 1975, 1975, 1975, 1976, 1975
1996, 1996, 1996, 1996, 1996, 1996, 2014
1941, 1941, 1941, 1941, 1941, 1941, 2133
2042, 2042, 2042, 2045, 2049, 2045, 2079
1916, 1916, 1916, 1916, 1916, 1917, 2140
1937, 1937, 1937, 1937, 1937, 1939, 2078
1947, 1947, 1947, 1947, 1947, 1947, 1947
1938, 1938, 1938, 1938, 1938, 1938, 1938
1947, 1947, 1947, 1947, 1947, 1947, 1947
2009, 2009, 2009, 2009, 2009, 2013, 2019
1938, 1938, 1938, 1938, 1938, 1939, 2152
1994, 1994, 1994, 1994, 1994, 1996, 1994
1944, 1944, 1944, 1944, 1944, 1944, 1944
1928, 1928, 1928, 1928, 1928, 1928, 1928
2008, 2008, 2008, 2008, 2028, 2008, 2012
1953, 1953, 1953, 1953, 1953, 1953, 1953
2060, 2060, 2061, 2060, 2122, 2060, 2061
1975, 1975, 1975, 1975, 1975, 1975, 1975
2003, 2003, 2003, 2003, 2003, 2093, 2004
1987, 1987, 1987, 1987, 1988, 1988, 1987
1960, 1960, 1960, 1960, 1961, 1960, 1960
2013, 2013, 2013, 2013, 2014, 2015, 2013
1960, 1960, 1960, 1960, 1960, 1961, 1960
1983, 1983, 1983, 1983, 1983, 1983, 1983
1925, 1925, 1925, 1925, 1925, 1925, 1925
1965, 1965, 1965, 1965, 1966, 1968, 1965
1933, 1933, 1933, 1933, 1933, 1933, 1933
1983, 1983, 1983, 1983, 1983, 1986, 1983
1953, 1953, 1953, 1953, 1953, 1953, 2196
1938, 1938, 1938, 1938, 1940, 1940, 1938
1968, 1968, 1968, 1968, 1968, 1968, 1968
1969, 1969, 1969, 1969, 1969, 1969, 1969
2003, 2003, 2003, 2005, 2003, 2012, 2114
1901, 1901, 1901, 1901, 1901, 1901, 1901
1980, 1980, 1980, 1980, 1980, 1981, 1981
1943, 1943, 1943, 1943, 1943, 1943, 1943
1977, 1977, 1977, 1977, 1977, 1978, 1977
2030, 2030, 2030, 2030, 2035, 2132, 2067
2034, 2034, 2034, 2037, 2034, 2037, 2037
2007, 2007, 2007, 2007, 2007, 2012, 2007
1902, 1902, 1902, 1902, 1902, 1902, 1902
1934, 1934, 1934, 1934, 1934, 1934, 1934
1993, 1993, 1993, 1993, 1993, 2038, 1993
1958, 1958, 1958, 1962, 1958, 1969, 1958
1948, 1948, 1948, 1948, 1948, 1949, 1948
1974, 1974, 1974, 1974, 1974, 1974, 1974
1980, 1980, 1980, 1980, 1980, 1982, 1980
1956, 1956, 1956, 1956, 1956, 1956, 1956
1959, 1959, 1959, 1959, 1959, 1959, 1959
1984, 1984, 1984, 1984, 1984, 1984, 1993
2020, 2020, 2020, 2020, 2020, 2020, 2192
1976, 1976, 1976, 1976, 1976, 2001, 1976
2012, 2012, 2012, 2013, 2017, 2012, 2012
2002, 2002, 2002, 2002, 2004, 2003, 2169
2001, 2001, 2001, 2001, 2001, 2012, 2001
2030, 2030, 2030, 2030, 2110, 2092, 2131
1991, 1991, 1991, 1991, 1991, 1996, 1994
1985, 1985, 1985, 1985, 1986, 1987, 1985
1987, 1987, 1987, 1987, 1991, 1997, 1987
1961, 1961, 1961, 1961, 1961, 1961, 2166
1944, 1944, 1944, 1944, 1944, 1944, 1948
1947, 1947, 1947, 1947, 1947, 1947, 1947
1914, 1914, 1914, 1914, 1914, 1914, 1914
1963, 1963, 1963, 1963, 1963, 1963, 2153
2026, 2026, 2026, 2027, 2033, 2028, 2033
1974, 1974, 1974, 1976, 1975, 1974, 1974
1939, 1939, 1939, 1939, 1939, 2165, 2161
2026, 2026, 2026, 2027, 2026, 2028, 2026
1983, 1983, 1983, 1984, 1986, 1983, 1983
1982, 1982, 1982, 1982, 1982, 1982, 2163
1914, 1914, 1914, 1914, 1914, 1914, 1914
1997, 1997, 1997, 1997, 1997, 2128, 1997
2008, 2008, 2008, 2008, 2009, 2008, 2008
1951, 1951, 1951, 1951, 1951, 1951, 1951
1970, 1970, 1970, 1970, 1972, 1970, 1970
1941, 1941, 1941, 1941, 1941, 1941, 1941
1992, 1992, 1992, 1992, 1992, 1993, 1993
1976, 1976, 1976, 1976, 1976, 1982, 1976
1919, 1919, 1919, 1919, 1920, 1920, 1919
2002, 2002, 2002, 2002, 2002, 2002, 2141
1947, 1947, 1947, 1947, 1948, 1947, 1947
1988, 1988, 1988, 1988, 1988, 1995, 1988
1916, 1916, 1916, 1916, 1916, 1916, 1916
1995, 1995, 1995, 1995, 1995, 1996, 1998
1956, 1956, 1956, 1956, 1956, 1956, 1956
1988, 1988, 1988, 1988, 1992, 1990, 2147
1936, 1936, 1936, 1936, 1936, 1936, 1936
1991, 1991, 1991, 1991, 1993, 1993, 2153
1975, 1975, 1975, 1975, 1975, 2113, 1975
1963, 1963, 1963, 1963, 1963, 1966, 1963
1970, 1970, 1970, 1970, 1970, 1970, 1970
1943, 1943, 1943, 1943, 1943, 1943, 1943
1978, 1978, 1978, 1978, 1978, 1978, 1978
1950, 1950, 1950, 1950, 1950, 1951, 1950
2013, 2013, 2013, 2013, 2091, 2013, 2110
2010, 2010, 2010, 2010, 2010, 2108, 2024
1970, 1970, 1970, 1970, 1970, 1970, 1970
1962, 1962, 1962, 1962, 1962, 1962, 1962
1965, 1965, 1965, 1965, 1969, 1965, 1965
1961, 1961, 1961, 1961, 1961, 1961, 1961
1996, 1996, 1996, 1996, 1996, 2004, 1996
1928, 1928, 1928, 1928, 1928, 1929, 1928
1989, 1989, 1989, 1989, 1989, 2158, 1989
1990, 1990, 1990, 1990, 1990, 1990, 2165
1970, 1970, 1970, 1970, 1970, 1970, 2162
1992, 1992, 1992, 1992, 1992, 1992, 1992
1955, 1955, 1955, 1955, 1955, 1956, 1955
1956, 1956, 1956, 1956, 1956, 1956, 1956
1988, 1988, 1988, 1988, 1988, 1988, 1988
1997, 1997, 1997, 1997, 1997, 1997, 1997
1960, 1960, 1960, 1960, 1960, 1960, 1960
2006, 2006, 2006, 2006, 2006, 2006, 2006
1930, 1930, 1930, 1930, 1930, 1930, 1930
1977, 1977, 1977, 1977, 1977, 1977, 1977
1968, 1968, 1968, 1968, 1968, 1968, 1968
1962, 1962, 1962, 1962, 1962, 1962, 1962
1978, 1978, 1978, 1978, 1978, 1979, 1978
1956, 1956, 1956, 1956, 1956, 1956, 1956
1992, 1992, 1992, 1992, 1993, 1992, 1992
1985, 1985, 1986, 1985, 1986, 1985, 1986
1934, 1934, 1934, 1934, 1935, 1934, 1934
1933, 1933, 1933, 1933, 1933, 1941, 1933
1963, 1963, 1963, 1963, 1963, 1963, 1963
2012, 2012, 2012, 2012, 2013, 2017, 2012
1931, 1931, 1931, 1931, 1931, 1931, 1931
1974, 1974, 1974, 1974, 1980, 1974, 1974
1945, 1945, 1945, 1945, 1945, 1947, 1945
1937, 1937, 1937, 1937, 1937, 1937, 1937
1924, 1924, 1924, 1924, 1924, 1924, 1924
2011, 2011, 2011, 2011, 2011, 2141, 2011
1991, 1991, 1991, 1991, 1992, 2087, 1991
1997, 1997, 1997, 1997, 1997, 1997, 1997
1973, 1973, 1973, 1973, 1973, 1973, 1973
1954, 1954, 1954, 1954, 1954, 1954, 1954
1913, 1913, 1913, 1913, 1913, 1913, 1913
1980, 1980, 1980, 1980, 1980, 1980, 1980
2003, 2003, 2003, 2003, 2045, 2003, 2003
1893, 1893, 1893, 1893, 1893, 1893, 1893
1951, 1951, 1951, 1951, 1953, 1957, 1953
2015, 2015, 2015, 2015, 2015, 2016, 2116
1922, 1922, 1922, 1922, 1922, 1922, 1922
1961, 1961, 1961, 1962, 1964, 1962, 1964
1962, 1962, 1962, 1962, 1962, 1962, 1962
1930, 1930, 1930, 1930, 1930, 1930, 1930
1933, 1933, 1933, 1933, 1933, 1933, 1933
1927, 1927, 1927, 1927, 1927, 1927, 1927
1970, 1970, 1970, 1973, 1970, 1970, 1973
2006, 2006, 2006, 2006, 2006, 2159, 2006
1953, 1953, 1953, 1953, 1953, 1963, 1953
1998, 1998, 1998, 1998, 1998, 2000, 1998
1955, 1955, 1955, 1955, 1955, 1955, 1955
1982, 1982, 1982, 1982, 1982, 1982, 2044
1954, 1954, 1954, 1954, 1954, 1954, 1954
2001, 2001, 2001, 2001, 2001, 2001, 2001
1963, 1963, 1963, 1963, 1963, 1964, 1963
2001, 2001, 2001, 2001, 2001, 2001, 2001
1966, 1966, 1966, 1966, 1966, 1972, 1966
1999, 1999, 1999, 1999, 1999, 1999, 1999
1995, 1995, 1995, 1995, 1995, 1995, 1995
1982, 1982, 1982, 1982, 1983, 1982, 1983
1955, 1955, 1955, 1955, 1955, 1955, 1955
2018, 2018, 2018, 2018, 2018, 2024, 2032
1930, 1930, 1930, 1930, 1930, 1930, 1930
2030, 2030, 2030, 2030, 2032, 2078, 2169
1987, 1987, 1987, 1987, 1987, 2039, 1987
1996, 1996, 1996, 1996, 1996, 2136, 1996
1907, 1907, 1907, 1907, 1907, 2154, 1907
2015, 2015, 2015, 2015, 2017, 2063, 2061
1984, 1984, 1984, 1984, 1987, 1985, 1984
1966, 1966, 1966, 1966, 1967, 1971, 1966
